sample	Acidaminococcaceae	Acidilobaceae	Actinomycetaceae	Aerococcaceae	Alcaligenaceae	Bacillaceae 1	Bacillaceae 2	Bacillales_Incertae Sedis XI	Bacteroidaceae	Bacteroidales_incertae_sedis	Bifidobacteriaceae	Bradyrhizobiaceae	Brucellaceae	Burkholderiaceae	Caldilineaceae	Caldisphaeraceae	Campylobacteraceae	Carnobacteriaceae	Caulobacteraceae	Chitinophagaceae	Chloroplast	Clostridiaceae 1	Clostridiaceae 2	Clostridiaceae 3	Clostridiaceae 4	Clostridiales_Incertae Sedis XI	Clostridiales_Incertae Sedis XII	Clostridiales_Incertae Sedis XIII	Coriobacteriaceae	Corynebacteriaceae	Cyclobacteriaceae	Cytophagaceae	Defluviitaleaceae	Dermabacteraceae	Desulfohalobiaceae	Desulfovibrionaceae	Desulfurococcaceae	Dietziaceae	Enterobacteriaceae	Enterococcaceae	Erysipelotrichaceae	Eubacteriaceae	Flammeovirgaceae	Flavobacteriaceae	Fusobacteriaceae	Gracilibacteraceae	Halanaerobiaceae	Hydrogenophilaceae	Incertae Sedis XI	Kineosporiaceae	Labilitrichaceae	Lachnospiraceae	Lactobacillaceae	Leptotrichiaceae	Leuconostocaceae	Marinilabiliaceae	Methanobacteriaceae	Microbacteriaceae	Micrococcaceae	Moraxellaceae	Mycobacteriaceae	Mycoplasmataceae	Neisseriaceae	Nocardiaceae	Nocardiopsaceae	Oxalobacteraceae	Pasteurellaceae	Peptococcaceae 1	Peptococcaceae 2	Peptostreptococcaceae	Planctomycetaceae	Planococcaceae	Porphyromonadaceae	Prevotellaceae	Prolixibacteraceae	Propionibacteriaceae	Pseudomonadaceae	Puniceicoccaceae	Pyrodictiaceae	Rhodobacteraceae	Rhodospirillaceae	Rikenellaceae	Ruminococcaceae	Sphingobacteriaceae	Sporolactobacillaceae	Staphylococcaceae	Streptococcaceae	Sulfolobaceae	Sutterellaceae	Synergistaceae	Syntrophobacteraceae	Syntrophomonadaceae	Thermaceae	Thermoproteaceae	Veillonellaceae	Verrucomicrobiaceae	Xanthomonadaceae
r1_1	1399	0	90	3	0	0	0	12	17245	0	3461	0	0	0	0	0	0	77	0	6	9	455	0	0	0	0	0	3	3737	0	0	0	0	0	0	0	0	0	15	12	6413	8	0	0	1	0	0	0	0	0	0	38738	203	0	963	0	0	0	89	0	0	0	0	0	0	0	0	0	0	1	0	0	2974	0	0	0	0	0	0	0	0	169	23150	0	0	1	25583	0	23	0	0	0	0	0	6534	3	0
r1_10	217	0	17	6	0	0	0	0	7314	0	2412	0	0	0	0	0	0	2	0	1	1	11	0	0	0	1	0	10	643	0	0	0	0	0	0	0	0	0	2	2	1891	15	0	0	0	0	0	0	0	0	0	11571	4	0	28	0	0	0	2	0	0	0	0	0	0	0	0	0	0	26	0	0	942	0	0	0	0	0	0	0	0	109	7533	0	0	0	148	0	51	0	0	0	0	0	2341	1	0
r1_11	847	0	141	17	0	0	0	11	7040	0	6223	1	0	0	0	0	0	16	0	22	1	45	7	0	0	13	0	27	7740	0	0	0	0	0	0	0	0	0	25	0	5734	99	0	0	0	0	0	0	0	0	0	28029	7	0	6	0	0	0	4	0	0	0	0	0	0	0	0	0	0	253	0	0	1460	0	0	0	0	0	3	0	0	191	12401	0	0	0	1426	0	23	0	0	0	0	0	1606	6	0
r1_12	560	0	85	9	0	0	0	1	16114	0	2881	0	0	0	0	0	0	0	0	8	2	238	2	0	0	0	0	14	1083	0	0	0	0	0	0	0	0	0	8	0	2885	11	0	0	0	0	0	0	0	0	0	21522	6	0	0	0	0	0	19	0	0	0	0	0	0	0	16	0	0	127	0	0	2246	0	0	0	0	0	0	0	12	319	12310	0	0	0	769	0	211	0	0	0	0	0	5908	3	0
r1_13	1039	0	143	8	0	0	0	6	23077	0	1700	1	0	0	0	0	0	51	0	7	20	42	0	0	0	2	0	24	1309	0	0	0	0	0	0	1	0	0	93	31	3839	17	0	0	0	0	0	0	0	0	0	30569	70	0	162	0	0	1	38	0	0	0	0	0	0	0	36	0	0	95	0	0	2991	0	1	0	2	0	0	0	35	201	11539	0	0	0	2170	0	94	0	0	0	0	0	5320	3	0
r1_14	521	0	92	10	0	0	0	10	6279	0	2074	2	0	0	0	0	0	27	0	5	1	70	2	0	0	3	0	9	923	0	0	0	0	0	0	0	0	0	17	9	2055	21	0	0	2	0	0	0	0	0	0	26180	0	0	180	0	0	0	19	0	0	0	0	0	0	0	4	1	0	159	0	0	830	0	0	0	0	0	0	0	6	102	14860	0	0	0	7895	0	12	0	0	0	0	0	2652	6	0
r1_15	537	0	31	15	0	0	0	1	14362	0	3266	0	0	0	0	0	0	5	0	7	2	19	1	0	0	0	0	16	992	0	0	0	0	0	0	0	0	0	4	0	2506	21	0	0	1	0	0	0	0	0	0	25883	0	0	9	0	0	0	5	0	0	0	0	0	0	0	1	1	0	76	0	0	1980	0	0	0	0	0	1	0	342	512	14763	0	0	0	1195	0	237	0	0	0	0	0	5787	3	0
r1_16	498	0	30	13	0	0	0	2	9086	0	3373	4	0	0	0	0	0	0	0	10	0	21	0	0	0	2	0	9	1052	0	0	0	0	0	0	0	0	0	0	0	1734	41	0	0	0	0	0	0	0	0	0	18285	2	0	4	0	0	0	4	0	0	0	0	0	0	0	1	0	0	48	0	0	1978	0	0	0	0	0	0	0	471	931	16772	0	0	0	3192	0	155	0	0	0	0	0	3630	3	0
r1_17	759	0	68	17	0	0	0	2	8367	0	3065	2	0	0	0	0	0	2	0	17	0	81	7	0	0	1	0	26	1433	0	0	0	0	0	0	0	0	0	14	1	2459	43	0	0	0	0	0	0	0	0	0	25245	233	0	180	0	0	0	1	0	0	0	0	0	0	0	17	0	0	214	1	0	1326	1	0	0	0	0	1	0	227	833	19491	0	0	0	5410	0	103	0	0	0	0	0	2884	2	0
r1_18	303	0	36	12	0	0	0	1	5280	0	3886	0	0	0	0	0	0	8	0	12	0	19	3	0	0	1	0	34	1445	0	0	0	0	0	0	0	0	0	11	1	4203	52	0	0	0	0	0	0	0	0	0	22370	231	0	2	0	0	0	11	0	0	0	0	0	0	0	2	0	0	145	0	0	976	0	0	0	0	0	0	0	37	541	10388	0	0	0	7661	0	36	0	0	0	0	0	2505	5	0
r1_19	448	0	31	7	0	0	0	3	7544	0	2668	0	0	0	0	0	0	3	0	9	0	15	3	0	0	3	0	18	1667	0	0	0	0	0	0	1	0	0	0	1	3101	44	0	0	0	0	0	0	0	0	0	22047	134	0	3	0	0	0	4	0	0	0	0	0	0	0	2	0	0	266	0	0	1407	0	0	0	0	0	1	0	133	455	11394	0	0	0	5049	0	97	0	0	0	0	0	4330	2	0
r1_2	779	0	90	12	0	0	0	1	9144	0	5151	0	0	0	0	0	0	45	0	13	10	37	0	0	0	0	0	45	3187	0	0	0	0	0	0	0	0	0	176	2	10010	56	0	0	0	0	0	0	0	0	0	34099	197	0	208	0	0	0	26	0	0	0	0	0	0	0	0	0	0	10	0	0	2019	0	0	0	0	0	1	0	1	963	24344	0	0	0	8312	0	33	0	0	0	0	0	2842	6	0
r1_20	1059	0	161	19	0	0	0	22	20126	0	9666	1	0	0	0	0	0	48	0	15	0	31	1	0	0	0	0	43	2917	0	0	0	0	0	0	0	0	0	356	8	6520	52	0	0	2	0	0	0	0	0	0	46479	31	0	69	0	0	0	48	0	0	0	0	0	0	0	91	0	0	218	0	0	2067	0	0	0	0	0	0	0	54	230	26620	0	0	0	6944	0	63	0	0	0	0	0	2210	5	0
r1_21	1092	0	103	18	0	0	0	7	12301	0	16007	1	0	0	0	0	0	10	0	19	1	30	0	0	0	2	0	38	3481	0	0	0	0	0	0	1	0	0	19	0	4382	80	0	0	0	0	0	0	0	0	0	33455	1	0	58	0	0	0	16	0	0	0	0	0	0	0	21	0	0	31	0	0	2471	0	0	0	0	0	1	0	108	393	30334	0	0	0	5530	0	174	0	0	0	0	0	3886	9	0
r1_22	1111	0	83	28	0	0	0	7	14811	0	7746	2	0	0	0	0	0	10	0	21	1	25	0	0	0	18	0	32	3337	1	0	0	0	0	0	0	0	0	57	2	5282	102	0	0	0	0	0	0	0	0	0	26952	156	0	38	0	0	0	4	0	0	0	0	0	0	0	0	0	0	73	0	0	2885	0	0	0	0	0	0	0	75	1252	22510	0	0	0	7027	0	150	0	0	0	1	0	9093	3	0
r1_23	1417	0	91	19	0	0	0	9	18695	0	5451	1	0	0	0	0	0	5	0	15	0	37	0	0	0	4	0	30	2578	0	0	0	0	0	0	0	0	0	9	2	7241	77	0	0	0	0	0	0	0	0	0	41781	19	0	3	0	0	0	1	0	0	0	0	0	0	0	0	0	0	59	0	0	2991	0	0	0	0	0	1	0	191	231	12397	0	0	1	1356	0	245	0	0	0	0	0	11997	3	0
r1_24	708	0	24	17	0	0	0	2	19129	0	5029	1	0	0	0	0	0	2	0	9	1	16	0	0	0	7	0	14	2133	0	0	0	0	0	0	0	0	0	2	0	2854	52	0	0	1	0	0	0	0	0	0	23035	25	0	17	0	0	0	0	0	0	0	0	0	0	0	0	0	0	14	0	0	3887	0	0	0	0	0	0	0	406	259	14681	0	0	0	2622	0	209	0	0	0	0	0	14727	5	0
r1_25	669	0	41	6	0	1	0	1	10640	0	2971	0	0	0	0	0	0	6	0	12	0	16	0	0	0	1	0	8	1451	0	0	0	0	0	0	0	0	0	3	0	2162	31	0	0	0	0	0	0	0	0	0	18616	1	0	0	0	0	0	5	0	0	0	0	0	0	0	4	0	0	8	0	0	2773	0	0	0	0	0	0	0	725	65	8183	0	0	0	2949	0	150	0	0	0	0	0	6765	2	0
r1_26	597	0	27	2	0	0	0	1	9089	0	3524	3	0	0	0	0	0	6	0	8	0	10	0	0	0	0	0	5	934	0	0	0	0	0	0	1	0	0	30	0	2368	7	0	0	0	0	0	0	0	0	0	21178	9	0	80	0	0	0	1	0	0	0	0	0	0	0	44	0	0	6	0	0	1481	0	0	0	0	0	0	0	786	45	10422	0	0	0	853	0	179	0	0	0	0	0	4934	4	0
r1_27	400	0	38	19	0	0	0	0	8296	0	4538	1	0	0	0	0	0	2	0	16	1	32	0	0	0	0	0	4	1851	0	0	0	0	0	0	0	0	0	346	1	1575	19	0	0	0	0	0	0	0	0	0	16861	10	0	17	0	0	0	1	0	0	0	0	0	0	0	2	0	0	43	0	0	1685	0	0	0	0	0	1	0	299	122	11801	0	0	0	362	0	219	0	0	0	0	0	2401	6	0
r1_28	277	0	15	19	0	0	0	0	7779	0	3907	0	0	0	0	0	0	0	0	7	0	20	0	0	0	2	0	12	1076	0	0	0	0	0	0	0	0	0	0	0	2241	16	0	0	0	0	0	0	0	0	0	16405	1	0	0	0	0	0	0	0	0	0	0	0	0	0	0	0	0	51	0	0	1589	0	0	0	0	0	0	0	31	46	7969	0	0	0	307	0	61	0	0	0	0	0	3447	2	0
r1_29	236	0	23	152	0	0	0	1	3686	0	4490	32	0	0	0	0	0	6	0	141	0	65	0	0	0	3	0	20	1897	0	0	0	0	0	0	3	0	0	12	0	2202	28	0	1	0	0	0	0	0	0	0	18390	0	0	0	0	0	0	1	0	0	0	0	0	0	0	7	1	0	45	0	0	1031	0	0	0	1	0	5	0	2	428	12734	0	0	0	225	0	47	0	0	0	0	0	1324	47	0
r1_3	1321	0	19	13	0	0	0	0	16503	0	2989	4	0	0	0	0	0	14	0	11	5	12	3	0	0	0	0	23	1740	0	0	0	0	0	0	0	0	0	6	3	6246	100	0	0	0	0	0	0	0	0	0	28775	8	0	5	0	0	0	10	0	0	0	0	0	0	0	0	0	0	63	0	1	2395	0	0	0	0	0	0	0	0	1267	23794	0	0	0	1233	0	195	0	0	0	0	0	4840	6	0
r1_30	358	0	47	10	0	0	0	2	4911	0	4931	1	0	0	0	0	0	3	0	6	6	20	0	0	0	1	0	33	2028	0	0	0	0	0	0	0	0	0	4	2	2987	41	0	0	0	0	0	0	0	0	0	17600	9	0	0	0	0	0	20	0	0	0	0	0	0	0	2	0	0	12	0	0	970	0	0	0	0	0	1	0	5	132	25653	0	0	0	592	0	3	0	0	0	0	0	89	4	0
r1_31	498	0	28	13	0	0	0	2	12673	0	6903	0	0	0	0	0	0	1	0	12	1	12	0	0	0	6	0	14	2512	0	0	0	0	0	0	0	0	0	1	0	3202	41	0	0	0	0	0	0	0	0	0	26150	80	0	0	0	0	0	1	0	0	0	0	0	0	0	1	0	0	17	0	0	3693	0	0	0	0	0	1	0	41	253	15034	0	0	0	1025	0	104	0	0	0	0	0	2103	3	0
r1_32	593	0	23	9	0	0	0	3	3848	0	4142	0	0	0	0	0	0	6	0	15	0	14	0	0	0	0	0	23	2288	0	0	0	0	0	0	0	0	0	0	2	3104	40	0	1	0	0	0	0	0	0	0	25167	67	0	4	0	0	0	4	0	0	0	0	0	0	0	1	0	0	11	0	0	2042	0	0	0	0	0	1	0	13	765	17763	0	0	0	1899	0	65	0	0	0	0	0	4397	7	0
r1_33	1109	0	58	18	0	0	0	0	6872	0	3244	3	0	0	0	0	0	8	0	13	1	21	0	0	2	2	0	57	4242	0	0	0	1	0	0	0	0	0	1	0	5671	80	0	0	0	0	0	0	0	0	0	31262	2	0	0	0	0	0	10	0	0	0	0	0	0	45	0	1	0	17	0	0	2114	0	0	0	0	0	1	0	75	914	24643	0	0	0	3100	0	73	0	0	0	0	0	4663	7	0
r1_34	1820	0	45	54	0	0	0	1	8775	0	3654	4	0	0	0	0	0	5	0	48	8	17	0	0	3	16	0	47	6237	0	0	0	0	0	0	1	0	0	16	0	9510	79	0	0	3	0	0	0	0	0	0	35751	1	0	0	0	0	0	14	0	0	0	0	0	0	29	0	0	0	54	0	0	2695	0	0	1	0	0	2	0	221	741	35204	0	0	0	5651	0	81	0	0	0	0	0	10398	15	0
r1_35	893	0	31	57	0	0	0	1	10454	0	3912	1	0	0	0	0	0	2	0	77	1	33	0	0	0	0	0	25	3214	0	0	0	0	0	0	0	0	0	6	1	7545	32	0	0	0	0	0	0	0	0	0	42461	36	0	3	0	0	0	13	0	1	0	0	0	0	33	10	0	0	24	0	0	3187	0	0	1	1	0	3	0	1093	1008	34754	0	0	0	3229	0	286	0	0	0	0	0	9960	19	0
r1_36	1451	0	24	35	0	0	0	0	13276	0	7021	0	0	0	0	0	0	4	0	34	2	18	0	0	0	0	0	25	2386	0	0	0	0	0	0	1	0	0	4	0	5761	59	0	0	0	0	0	0	0	0	0	50179	86	0	121	0	0	1	17	0	0	0	0	0	0	8	0	0	0	36	0	1	5739	0	2	0	2	0	0	0	1001	2538	38779	0	0	0	1383	0	497	0	0	0	0	0	8178	14	0
r1_37	22	0	0	166	0	0	0	0	95	0	126	14	0	0	0	0	0	0	0	141	0	3	0	0	0	1	0	0	55	0	0	0	0	0	0	4	0	0	10	0	143	2	0	2	0	0	0	0	0	0	0	752	0	0	1	0	0	0	0	0	0	0	0	0	0	1	0	0	0	3	0	0	71	0	0	0	0	0	0	0	1	25	743	0	0	0	26	0	4	0	0	0	0	0	64	55	0
r1_38	882	0	24	6	0	0	0	3	1740	0	6091	0	0	0	0	0	0	5	0	8	1	10	0	0	0	0	0	22	4503	0	0	0	0	0	0	0	0	0	1	0	3647	82	0	0	0	0	0	0	0	0	0	26921	3	0	5	0	0	0	7	0	0	0	0	0	0	0	0	0	0	44	0	0	1408	0	0	0	0	0	0	0	8	753	15418	0	0	1	721	0	6	0	0	0	0	0	10131	5	0
r1_39	876	0	19	5	0	0	0	2	3524	0	8296	1	0	1	0	0	0	6	0	19	1	11	0	0	1	2	0	20	4160	0	0	0	0	0	0	0	0	0	0	0	3448	48	0	0	0	0	0	0	0	0	0	27589	70	0	33	0	0	0	13	0	0	0	0	0	0	0	0	0	0	10	0	0	1674	1	0	0	0	0	0	0	5	623	19151	0	0	0	2474	0	16	0	0	0	0	0	5116	2	0
r1_4	951	0	45	9	9	0	0	0	16140	0	3099	0	5	0	0	0	0	42	0	12	1	139	0	0	0	1	0	11	1384	0	0	0	0	0	0	1	0	0	14808	352	2036	54	0	0	0	0	0	0	0	0	0	20248	9	0	7	0	0	0	30	33	0	0	0	0	0	1	1	0	0	45	0	5	3241	0	0	0	0	0	0	0	0	297	10882	0	0	0	6143	0	61	0	0	0	0	0	4456	4	0
r1_40	536	0	13	9	0	1	0	1	3351	0	6333	0	0	0	0	0	0	0	0	13	1	7	0	0	1	2	0	17	3921	0	0	0	0	0	0	0	0	0	9	0	3435	37	0	0	0	0	0	0	0	0	0	18402	1	0	4	0	0	0	3	0	0	0	0	0	0	9	0	0	0	7	0	0	1342	0	0	0	0	0	0	0	6	288	18498	0	0	0	1045	0	46	0	0	0	0	0	4679	5	0
r1_41	717	0	13	6	0	0	0	2	7843	0	2888	0	0	0	0	0	0	3	0	8	0	14	0	0	1	0	0	11	2783	0	0	0	0	0	0	1	0	0	2	0	2380	37	0	0	0	0	0	0	0	0	0	15689	14	0	0	0	0	0	1	0	0	0	0	0	0	0	2	0	0	2	0	0	1859	0	0	0	0	0	0	0	20	836	11673	0	0	0	2472	0	27	0	0	0	0	0	7337	2	0
r1_42	2499	0	54	15	0	0	0	2	17296	0	8312	0	0	0	0	0	0	3	0	17	8	39	0	0	1	2	0	36	6348	1	0	0	0	0	0	0	0	0	8	0	14720	105	0	0	0	0	0	0	0	0	0	48705	36	0	0	0	0	0	6	0	0	0	0	0	0	0	1	0	0	21	1	0	6877	0	0	0	0	0	0	1	55	2015	35043	0	0	0	2303	0	58	0	0	0	0	0	4171	6	0
r1_43	182	0	49	16	0	0	0	3	763	0	7920	0	0	0	0	0	0	4	0	12	1	9	0	0	1	2	0	4	3047	0	0	0	0	0	0	0	0	0	1	1	5865	27	0	0	0	0	0	0	0	0	0	19569	35	0	9	0	0	0	11	0	0	0	0	0	0	0	0	0	0	1	0	0	408	0	0	0	0	0	0	0	1	70	9031	0	0	0	2066	0	4	0	0	0	0	0	935	5	0
r1_44	246	0	9	112	0	0	0	0	1035	0	6597	4	0	0	0	0	0	0	0	121	0	13	0	0	0	0	0	6	1868	1	0	0	0	0	0	7	0	0	4	0	1607	18	0	1	0	0	1	0	0	0	0	17355	13	0	1	0	0	0	3	0	0	0	0	0	0	0	0	0	0	18	0	0	397	0	0	0	0	0	5	0	0	183	7995	0	0	0	807	0	7	0	0	0	0	0	1005	51	0
r1_45	9	0	0	95	0	0	0	0	57	0	65	11	0	0	0	0	0	0	0	106	0	2	0	0	0	0	0	0	39	1	0	0	0	0	0	2	0	0	5	0	85	0	0	1	0	0	0	0	0	0	0	494	0	0	0	0	0	0	0	0	0	0	0	0	0	0	0	0	0	3	1	0	45	0	0	0	0	0	2	0	0	12	414	0	0	0	15	0	2	0	0	0	0	0	35	27	0
r1_46	278	0	13	142	0	0	0	0	303	0	3671	7	0	0	0	0	0	2	0	98	1	9	0	0	2	0	0	5	2562	0	0	0	0	0	0	3	0	0	11	0	1777	36	0	0	0	0	0	0	0	0	0	12311	1	0	33	0	0	0	4	0	0	0	0	0	0	0	0	0	0	2	0	0	161	0	0	0	0	0	1	0	1	150	7140	0	0	0	1401	0	3	0	0	0	0	0	492	38	0
r1_47	1025	0	16	14	0	0	0	1	11996	0	6626	0	0	0	0	0	0	1	0	20	3	28	0	0	1	3	0	33	4893	0	0	0	0	0	0	0	0	0	0	0	5617	35	0	0	0	0	0	0	0	0	0	38043	7	0	117	0	0	0	16	0	0	0	0	0	0	0	10	0	0	1	0	1	3065	0	0	0	0	0	1	0	415	1215	24828	0	0	2	1602	0	83	0	0	0	0	0	4174	3	0
r1_48	1040	0	21	28	0	0	0	0	8396	0	7937	0	0	0	0	0	1	3	0	22	1	31	0	0	1	4	0	24	3658	0	0	0	0	0	0	0	0	0	3	1	3599	45	0	0	0	0	0	0	0	0	0	37379	2	0	8	0	0	0	22	0	0	0	0	0	0	0	38	0	0	6	0	0	2942	0	0	0	0	0	0	0	317	1487	31054	0	0	0	8771	0	59	0	0	0	0	0	7250	10	0
r1_49	1008	0	42	13	0	1	0	0	2819	0	9185	0	0	0	0	0	0	4	0	18	0	26	0	0	1	2	0	48	8802	0	0	0	0	0	0	0	0	0	11	1	15129	88	0	1	0	0	0	0	0	0	0	50018	6	0	6	0	0	0	16	0	0	0	0	0	0	0	0	0	0	12	0	0	1733	0	0	0	0	0	0	0	31	661	36987	0	0	0	5886	0	24	0	0	0	0	0	7385	2	0
r1_5	578	0	34	13	0	0	0	0	12697	0	1926	1	0	0	0	0	0	7	0	4	0	25	3	0	0	0	0	13	776	0	0	0	0	0	0	0	0	0	634	6	2557	20	0	0	0	0	0	0	0	0	0	17013	132	0	481	0	0	0	14	0	0	0	0	0	0	1	1	0	0	60	0	0	2204	0	0	0	14	0	0	0	0	276	8764	0	0	0	6492	0	273	0	0	0	0	0	3465	3	0
r1_50	1003	0	39	5	0	2	0	3	10220	0	3518	1	0	0	0	0	0	2	0	9	0	22	0	0	3	3	0	29	3953	0	0	0	0	0	0	0	0	0	1	1	5641	24	0	0	0	0	0	0	0	0	0	27766	1	0	0	0	0	0	44	0	0	0	0	0	0	0	0	0	0	15	0	0	1963	0	0	0	0	0	0	0	16	1076	20844	0	0	0	2582	0	40	0	0	0	0	0	2368	2	0
r1_51	1806	0	4	34	0	0	0	0	7840	1	6681	3	0	0	0	0	0	2	0	37	0	37	0	0	1	1	0	59	6877	0	0	0	0	0	0	0	0	0	6	0	6734	54	0	0	1	0	0	0	0	0	0	36194	11	0	1	0	0	0	6	0	0	0	0	0	0	0	0	0	0	20	0	0	1916	0	0	0	0	0	1	0	58	1478	35219	0	0	0	814	0	16	0	0	0	0	0	9670	7	0
r1_52	5	0	0	49	0	0	0	0	38	0	49	0	0	0	0	0	0	0	0	40	0	1	0	0	0	0	0	0	37	0	0	0	0	0	0	0	0	0	1	0	48	0	0	0	0	0	0	0	0	0	0	361	0	0	0	0	0	0	0	0	0	0	0	0	0	0	0	0	0	0	0	0	20	0	0	0	0	0	0	0	0	19	270	0	0	0	14	0	2	0	0	0	0	0	25	19	0
r1_53	326	0	11	10	0	0	0	0	7310	0	4436	1	0	0	0	0	0	6	0	11	3	22	1	0	0	2	0	22	1606	0	0	0	0	0	0	0	0	0	2	0	2318	6	0	0	0	0	0	0	0	0	0	19389	108	0	5	0	0	0	3	0	0	0	0	0	0	0	7	0	0	15	0	0	1230	0	0	0	0	0	0	0	11	111	13357	0	0	0	3455	0	63	0	0	0	0	0	926	3	0
r1_54	685	0	37	16	0	0	0	7	9668	0	6137	2	0	0	0	0	0	13	0	12	1	39	0	0	1	1	0	41	3368	0	0	0	0	0	0	1	0	0	9	0	3928	44	0	0	0	0	0	0	0	0	0	20750	56	0	7	0	0	0	10	0	0	0	0	0	0	0	1	0	0	53	0	0	2523	1	0	0	0	0	0	0	25	1138	18671	0	0	0	2377	0	70	0	0	0	0	0	1101	4	0
r1_55	870	0	29	30	0	0	0	1	12619	0	5655	12	0	0	0	0	0	2	0	36	9	20	0	0	1	0	0	21	2887	0	0	0	0	0	0	0	0	0	10	2	4992	38	0	0	1	0	0	0	0	0	0	29529	9	0	0	0	0	0	2	0	0	0	0	0	0	0	0	1	0	41	0	0	2571	1	0	0	0	0	0	0	102	1195	18259	0	0	0	4097	0	154	0	0	0	0	0	3346	11	0
r1_56	9	0	32	34	0	0	0	1	60	0	7341	3	0	0	0	0	0	6	0	43	0	22	0	0	3	3	0	18	15229	1	0	0	0	0	0	1	0	0	3	0	12230	107	0	0	0	0	0	0	0	0	0	34235	419	0	0	0	0	1	4	0	0	0	0	0	0	0	0	1	0	4	0	0	29	0	0	0	0	0	0	0	4	10	18417	0	0	0	1124	0	2	0	0	0	0	0	380	14	0
r1_57	574	0	10	8	0	0	0	1	9925	0	3406	0	0	0	0	0	0	1	0	8	3	4	0	0	0	0	0	13	1551	0	0	0	0	0	0	0	0	0	3	0	2865	37	0	0	0	0	0	0	0	0	0	25025	9	0	0	0	0	0	4	0	1	0	0	0	0	0	0	0	0	3	0	1	2512	0	0	0	0	0	1	0	147	703	9381	0	0	0	619	0	223	0	0	0	0	0	3901	0	0
r1_58	30	0	0	115	0	0	0	0	120	0	126	31	0	0	0	0	0	1	0	133	0	2	0	0	0	0	0	1	42	0	0	0	0	0	0	1	0	0	8	0	122	0	0	1	0	0	0	0	0	0	0	768	0	0	0	0	0	0	0	0	0	0	0	0	0	0	1	1	0	4	0	0	61	0	0	1	0	0	0	0	0	19	628	0	0	0	17	0	6	0	0	0	0	0	64	53	0
r1_59	246	0	9	7	0	0	0	0	4541	0	6049	1	0	0	0	0	0	0	0	3	0	11	0	0	1	0	0	26	2490	0	0	0	0	0	0	0	0	0	7	1	2064	37	0	0	1	0	0	0	0	0	0	16297	13	0	1	0	0	0	0	0	0	0	0	0	0	0	0	0	0	2	0	0	1302	0	0	0	0	0	0	0	6	731	10776	0	0	0	716	0	56	0	0	0	0	0	3438	2	0
r1_6	769	0	25	8	0	0	0	0	13800	0	1622	0	0	0	0	0	0	4	0	11	0	295	0	0	0	1	0	11	869	0	0	0	0	0	0	0	0	0	3	0	3530	21	0	0	0	0	0	0	0	0	0	17630	11	0	14	0	0	0	4	0	0	0	0	0	0	12	0	0	0	183	0	0	2061	0	0	0	0	0	0	1	0	596	15867	0	0	0	240	0	266	0	0	0	0	0	2697	3	0
r1_60	1858	0	34	31	0	0	0	1	9627	0	16073	1	0	0	0	0	0	5	0	38	2	129	1	0	12	10	0	88	18445	0	0	0	1	0	0	2	0	0	50	1	12085	370	0	0	0	0	0	0	0	0	0	57531	2	0	5	0	0	1	24	0	0	0	0	0	0	0	0	0	0	110	0	0	3296	0	0	0	0	0	1	0	10	2261	59229	0	0	1	3313	0	51	0	0	0	0	0	5202	14	0
r1_61	1472	0	4	20	0	0	0	0	22566	0	1994	1	0	0	0	0	0	3	0	17	8	22	0	0	0	0	0	35	2586	0	0	0	0	0	0	0	0	0	36	1	4124	68	0	0	0	0	0	0	0	0	0	38612	13	0	0	0	0	0	13	0	0	0	0	0	0	0	6	1	0	41	0	0	5320	0	0	0	0	0	0	0	107	1612	26204	0	0	0	4393	0	244	0	0	0	0	0	1666	6	0
r1_63	1933	0	34	30	0	0	0	1	15057	0	5093	2	0	0	0	0	0	5	0	16	1	37	0	0	0	2	0	20	4457	0	0	0	0	0	0	0	0	0	17	3	3642	53	0	0	0	0	0	0	0	0	0	36923	0	0	2	0	0	0	35	0	0	0	0	0	0	0	0	0	0	37	0	0	4239	0	0	0	0	0	1	0	36	1578	24816	0	0	0	4087	0	219	0	0	0	0	0	2559	10	0
r1_64	558	0	37	12	0	0	0	4	3595	0	11258	2	0	0	0	0	0	8	0	11	7	51	1	0	5	3	0	82	11553	1	0	0	0	0	0	0	0	0	52	3	8163	277	0	0	0	0	0	0	0	0	0	41384	9	0	11	0	0	0	12	0	0	0	0	0	0	0	0	0	0	38	0	0	988	0	0	0	0	0	0	0	3	1310	21121	0	0	0	5370	0	14	0	0	0	0	0	227	14	0
r1_65	939	0	18	80	0	0	0	3	6957	0	8786	1	0	0	0	0	0	4	0	50	3	47	0	0	1	0	0	43	3862	0	0	0	0	0	0	1	0	0	3	0	3288	75	0	0	0	0	0	0	0	0	0	31340	22	0	2	0	0	0	10	0	0	0	0	0	0	1	0	0	0	31	0	0	1366	0	0	1	0	0	0	0	33	763	14992	0	0	0	1850	0	94	0	0	0	0	0	1935	25	0
r1_66	742	0	15	13	0	0	0	0	16759	0	2852	0	0	0	0	0	0	3	0	11	0	17	0	0	1	1	0	33	1665	0	0	0	1	0	0	1	0	0	0	0	2749	35	0	0	0	0	0	0	0	0	0	28752	4	0	38	0	0	0	10	0	0	0	0	0	0	0	0	0	0	18	0	0	2765	0	0	0	0	0	1	0	207	796	15541	0	0	0	527	0	203	0	0	0	0	0	2535	2	0
r1_67	595	0	14	9	0	0	0	3	6778	0	4674	0	0	0	0	0	0	1	0	8	1	31	1	0	3	2	0	27	4223	0	0	0	0	0	0	0	1	0	2	0	2712	61	0	0	0	0	0	0	0	0	0	23535	187	0	22	0	0	0	1	0	0	0	0	0	0	0	0	0	0	34	0	0	1530	0	0	0	1	0	0	0	188	217	11671	0	0	0	982	0	53	0	0	0	0	0	4187	4	0
r1_68	1379	0	22	3	0	0	0	0	5478	0	3847	1	0	0	0	0	0	1	0	7	0	94	1	0	2	1	0	19	3793	0	0	0	0	0	0	0	0	0	7	2	2577	85	0	0	0	0	0	0	0	0	0	27268	47	0	2	0	0	0	13	0	0	0	0	0	0	1	0	0	0	57	0	0	1799	0	0	0	0	0	0	0	23	1231	13945	0	0	0	1377	0	46	0	0	0	0	0	1921	1	0
r1_7	65	0	4	93	0	0	0	0	973	0	281	7	0	0	0	0	0	2	0	80	0	5	0	0	0	0	0	2	130	0	0	0	0	0	0	0	0	0	5	0	153	2	0	1	0	1	0	0	0	0	0	2071	4	0	2	0	0	0	2	0	0	0	0	0	0	0	0	0	0	13	1	0	163	0	0	0	0	0	1	0	0	48	1674	0	0	0	364	0	9	0	0	0	0	0	322	37	0
r1_8	412	0	34	12	0	0	0	0	8967	0	1566	2	0	0	0	0	0	8	0	9	1	35	34	0	0	0	0	7	1169	0	0	0	0	0	0	0	0	0	2	1	2559	19	0	0	0	0	0	0	0	0	0	23045	33	0	1	0	0	0	10	0	0	0	0	0	0	0	0	1	0	656	0	0	1531	0	0	0	0	0	0	0	0	240	12792	0	0	0	7905	0	157	0	0	0	0	0	4681	2	0
r1_9	0	0	0	0	0	0	0	0	1	0	0	0	0	0	0	0	0	0	0	0	0	0	0	0	0	0	0	0	0	0	0	0	0	0	0	0	0	0	0	0	3	0	0	0	0	0	0	0	0	0	0	3	0	0	0	0	0	0	0	0	0	0	0	0	0	0	0	0	0	0	0	0	0	0	0	0	0	0	0	0	0	0	1	0	0	0	0	0	0	0	0	0	0	0	0	0	0
r1_B1	7	0	8	95	0	0	0	0	15406	0	61	3	0	0	0	0	0	2	0	92	0	534	13	0	0	21	0	40	3412	1	0	0	12	0	0	472	0	0	254	1	5784	68	0	0	0	1	0	0	3	0	0	41910	165	0	0	0	0	0	6	0	0	0	0	0	0	0	0	0	0	454	0	0	2544	0	0	0	0	0	0	0	0	1474	9367	0	3	0	1097	0	280	0	0	0	0	0	32	6743	0
r1_B10	3	0	42	21	0	0	0	0	11705	0	2953	3	0	0	0	0	0	0	0	27	1	766	1	0	0	18	0	51	2886	4	0	0	0	0	0	253	0	0	2	1	1153	66	0	0	0	4	0	0	5	0	0	22908	217	0	0	0	0	1	3	0	0	0	0	0	0	0	0	1	0	152	1	0	3001	0	0	0	0	0	0	0	0	36	7212	0	0	1	2936	0	5	0	0	0	0	0	6	1943	0
r1_B11	3	0	14	18	0	0	0	2	9365	0	1143	0	0	0	0	0	0	0	0	17	0	86	0	0	0	0	0	7	434	0	0	0	0	0	0	165	0	0	0	0	748	9	0	0	0	1	0	0	0	0	0	12788	9	0	1	0	0	0	2	0	0	0	0	0	0	0	1	0	0	22	0	0	1318	0	0	0	0	0	0	0	0	8	6467	0	0	0	5442	0	223	0	0	0	0	0	13	12	0
r1_B12	3	0	24	17	0	0	0	1	17770	0	802	1	0	0	0	0	0	3	0	16	0	125	4	0	0	1	0	12	994	0	0	0	0	0	0	232	0	0	0	2	3288	2	0	0	0	0	0	0	1	0	0	35074	7	0	0	0	0	0	11	0	0	0	1	0	0	0	49	0	0	247	0	0	1409	0	0	0	1	0	0	0	0	21	9988	0	0	0	3491	0	798	0	0	0	0	0	57	20	0
r1_B13	7	0	21	54	0	0	0	4	18069	0	407	5	0	0	0	0	0	10	0	48	1	224	3	0	0	6	0	22	1374	1	0	0	5	0	0	449	0	0	0	3	2392	27	0	1	0	0	0	0	2	0	0	31023	13	0	0	0	0	0	14	0	0	0	0	0	0	0	7	0	0	58	0	0	4154	0	1	0	0	0	0	0	0	1576	12792	0	0	0	693	0	457	0	0	0	0	0	30	3184	0
r1_B14	12	0	12	72	0	0	0	2	15623	0	452	4	0	0	0	0	0	3	0	77	0	130	4	0	0	1	0	28	2464	0	0	0	8	0	0	271	0	0	7	1	7531	8	0	0	0	0	0	0	1	0	0	43214	99	0	0	0	0	0	10	0	0	0	0	0	0	0	1	0	0	163	2	0	1398	0	0	0	1	0	1	0	0	46	9339	0	0	0	1070	0	555	0	0	0	0	0	97	369	0
r1_B15	10	0	10	53	0	0	0	5	23822	0	455	2	0	0	0	0	0	4	0	55	1	135	7	0	0	6	0	14	2660	0	0	0	7	0	0	167	0	0	5	0	7123	12	0	0	0	0	0	0	1	0	0	47843	38	0	0	0	0	0	10	0	0	0	1	0	0	0	6	0	0	100	0	0	1780	0	0	0	0	0	1	0	0	75	12859	0	0	0	2645	0	455	0	0	0	0	0	94	470	0
r1_B16	7	0	15	41	0	0	0	8	12243	0	543	2	0	0	0	0	0	13	0	46	0	381	2	0	0	8	0	20	1646	3	0	0	3	0	0	304	0	0	2	0	2762	27	0	0	0	0	0	0	4	0	0	36431	26	0	1	0	1	0	15	0	0	0	0	0	0	0	4	1	0	109	0	0	2601	0	0	0	0	0	1	0	0	926	9609	0	0	0	640	0	299	0	0	0	0	0	33	2899	0
r1_B17	3	0	5	19	0	0	0	1	19321	0	240	1	0	0	0	0	0	6	0	26	4	22	3	0	0	0	0	8	313	0	0	0	0	0	0	146	0	0	5	0	2263	7	0	0	0	0	0	0	0	0	0	24614	0	1	0	0	0	0	4	0	0	0	0	0	0	0	44	0	0	17	0	0	2854	0	0	0	0	0	1	0	0	405	7633	0	0	0	6599	0	338	0	0	0	0	0	274	695	0
r1_B18	7	0	7	20	0	0	0	0	16505	0	754	5	0	0	0	0	0	4	0	30	0	280	6	0	0	1	0	17	929	0	0	0	0	0	0	189	0	0	1	0	2358	24	0	0	0	0	0	0	1	0	0	20655	83	0	0	0	0	0	6	0	0	0	0	0	0	0	0	0	0	126	0	0	2048	0	1	0	0	0	1	0	0	521	13253	0	0	0	2291	0	773	0	0	0	0	0	17	1353	0
r1_B19	6	0	2	23	0	0	0	2	19434	0	413	4	0	0	0	0	0	0	0	30	0	144	0	0	0	6	0	30	1071	0	0	0	8	0	0	474	0	0	1	0	1474	32	0	0	0	0	0	0	0	0	0	28062	11	0	1	0	0	0	7	0	0	0	0	0	0	0	1	0	0	21	0	0	2312	0	0	0	0	0	0	0	0	605	10889	0	0	0	2190	0	332	0	0	0	0	0	24	2769	0
r1_B2	9	0	14	21	0	0	0	0	19646	0	60	1	0	0	0	0	0	1	0	31	0	454	3	0	0	8	0	53	2200	1	0	0	27	0	0	787	0	0	470	0	2701	84	0	0	0	1	0	1	2	0	0	31179	64	0	0	0	0	0	8	0	0	0	0	0	0	0	0	0	0	127	0	0	3498	0	0	0	0	0	0	0	0	2476	12454	0	0	0	3105	0	329	0	0	0	0	0	20	5043	0
r1_B20	12	0	6	5	0	0	0	1	964	0	313	0	0	0	0	0	0	0	0	9	0	123	4	0	0	2	0	5	836	1	0	0	3	0	0	19	0	0	12	0	989	2	0	0	0	0	0	0	0	0	0	8074	91	0	0	0	0	0	8	1	0	0	0	0	0	0	0	0	0	403	0	0	79	0	0	0	0	0	0	0	0	43	3797	0	0	0	223	0	29	0	0	0	0	0	6	725	0
r1_B21	30	0	11	33	0	0	0	1	2829	0	590	1	0	0	0	0	0	1	0	30	0	257	39	0	0	1	0	10	1284	1	0	0	3	0	0	33	0	0	9	0	1787	1	0	0	0	1	0	0	1	0	0	20318	155	0	1	0	1	0	4	0	0	0	0	0	0	0	0	0	0	1046	0	0	268	0	0	0	0	0	2	0	0	146	8180	0	0	1	715	0	61	0	0	0	0	0	19	1325	0
r1_B22	21	0	6	7	0	0	0	0	1476	0	540	0	0	0	0	0	0	1	0	23	0	238	35	0	0	3	0	16	1116	0	0	0	2	0	0	29	0	0	3	0	1338	4	0	0	0	0	0	0	1	0	0	16041	170	0	0	0	3	0	8	0	0	0	0	0	0	0	0	0	0	968	1	0	120	0	0	0	0	0	0	0	0	108	5302	0	0	0	650	0	44	0	0	0	0	0	12	832	0
r1_B23	38	0	6	43	0	0	0	0	1992	0	942	2	0	0	0	0	0	1	0	37	0	233	36	0	0	3	0	11	1548	1	0	0	1	0	0	42	0	0	9	0	1770	4	0	1	0	1	0	0	2	0	0	19084	158	0	0	0	0	0	6	0	0	0	0	0	0	0	0	0	0	1229	0	1	182	0	0	0	0	0	1	0	0	156	8557	0	0	0	1041	0	74	0	0	0	0	0	16	1246	0
r1_B24	97	0	13	15	0	0	0	0	17714	0	315	0	0	0	0	0	0	2	0	19	0	55	0	0	0	1	0	24	696	0	0	0	10	0	0	412	0	0	1	0	1011	17	0	0	0	0	0	0	0	0	0	20207	40	0	2	0	1	0	10	0	0	0	0	0	0	0	0	0	0	64	0	0	3453	0	0	0	0	0	0	0	0	947	12420	0	0	0	4089	0	449	0	0	0	0	0	24	3778	0
r1_B25	16	0	6	12	0	0	0	0	13694	0	497	1	0	0	0	0	0	0	0	14	0	174	0	0	0	1	0	14	823	0	0	0	2	0	0	271	0	0	0	0	1610	12	0	0	0	4	0	0	1	0	0	22134	7	1	2	0	0	0	10	0	0	0	0	0	0	0	0	0	0	3	0	0	2579	0	0	1	0	0	0	0	0	900	16049	0	0	0	1712	0	750	0	0	0	0	0	9	2866	0
r1_B26	19	0	8	20	0	0	0	0	8743	0	984	2	0	0	0	0	0	0	0	32	0	428	0	0	0	3	0	13	1029	1	0	0	10	0	1	94	0	0	1	0	1217	15	0	0	0	2	0	0	2	0	0	31351	7	0	3	0	0	0	13	0	0	0	0	0	0	0	1	0	0	5	0	0	1525	0	0	0	0	0	1	0	0	459	15562	0	0	0	846	0	684	0	0	0	0	0	15	2843	0
r1_B27	7	0	8	22	0	0	0	0	12542	0	539	0	0	0	0	0	0	2	0	10	0	171	7	0	0	6	0	10	1035	7	0	0	1	0	0	115	0	0	2	0	5822	7	0	0	0	0	0	0	0	0	0	32441	16	0	0	0	0	0	33	0	0	0	0	1	0	0	18	0	0	206	0	0	2258	1	0	0	0	0	0	0	1	489	12223	0	0	1	717	0	607	0	0	0	0	0	37	2516	0
r1_B28	1	0	4	5	0	0	0	0	11197	0	10	0	0	1	0	0	0	1	0	3	9	48	0	0	0	0	0	5	654	0	0	0	1	0	0	206	0	0	1	0	1590	0	0	0	0	0	0	0	0	0	0	11804	55	0	0	0	0	0	2	0	0	0	0	0	0	0	0	0	0	0	0	0	2024	0	0	0	0	0	0	0	0	381	6793	0	0	0	5078	0	598	0	0	0	0	0	12	234	0
r1_B29	5	0	5	37	0	0	0	0	10047	0	33	0	0	0	0	0	0	2	0	24	0	199	0	0	0	0	0	10	889	0	0	0	2	0	0	146	0	0	4	0	2231	3	0	0	0	0	0	0	0	0	0	12656	154	0	0	0	0	0	5	0	0	0	0	0	0	0	0	1	0	1	0	0	1828	0	0	0	0	0	0	0	1	209	7300	0	0	0	2901	0	390	0	0	0	0	0	16	290	0
r1_B3	5	0	14	21	0	0	0	2	14331	0	311	1	0	0	0	0	0	1	0	12	2	292	0	0	0	1	0	20	889	0	1	0	2	0	0	433	0	0	6	1	1331	35	0	0	0	3	0	0	0	0	0	22986	38	0	1	0	0	0	4	0	0	0	0	0	0	0	1	0	0	16	0	0	1965	0	0	0	0	0	0	0	0	347	9136	0	0	0	4842	0	138	0	0	0	0	0	12	1195	0
r1_B30	4	0	0	47	0	1	0	0	22157	0	78	7	0	0	1	0	0	2	0	41	2	333	0	0	0	0	0	12	1302	0	0	0	2	0	0	363	0	0	4	1	4118	12	0	1	0	0	0	1	2	0	0	27046	143	0	0	0	0	3	20	0	0	0	0	0	0	0	0	1	0	3	1	1	2697	0	0	0	0	0	0	0	0	475	12442	1	0	0	3314	0	1079	0	0	0	0	0	15	1263	1
r1_B31	0	0	2	25	0	0	0	0	20798	0	70	3	0	0	0	0	0	3	0	37	0	234	0	0	0	1	0	22	1123	0	0	0	6	0	0	600	0	0	5	0	2663	44	0	0	0	0	0	0	2	0	0	23046	145	0	0	0	0	0	5	0	0	0	0	0	0	0	0	1	0	8	0	0	2914	0	0	0	0	0	0	0	0	582	8746	0	0	0	3665	0	901	0	0	0	0	0	5	2636	0
r1_B32	3	0	4	23	0	0	0	0	15588	0	1436	1	0	0	0	0	0	0	0	37	0	335	1	0	0	0	0	15	2987	1	0	0	0	0	0	116	0	0	3	0	10878	62	0	0	0	0	0	0	2	0	0	14588	12	0	0	0	0	0	14	0	0	0	0	0	0	0	0	1	0	24	0	0	2165	0	0	0	0	0	1	0	0	556	9081	0	0	1	524	0	265	0	0	0	0	0	13	4168	0
r1_B33	4	0	0	15	0	0	0	0	14421	0	473	2	0	0	0	0	0	0	0	17	0	60	0	0	0	1	0	9	1010	0	0	0	0	0	0	257	0	0	1	0	3875	23	0	0	0	0	0	0	1	0	0	10773	30	0	0	0	0	0	3	0	0	1	0	0	0	0	0	0	0	28	0	0	2089	0	0	0	0	0	1	0	0	448	5278	0	0	0	296	0	371	0	0	0	0	0	9	2165	0
r1_B34	0	0	1	12	0	0	0	0	10063	0	1040	0	0	0	0	0	0	2	0	11	0	156	0	0	0	0	0	6	1755	0	0	0	1	0	0	57	0	0	0	0	5332	28	0	0	0	0	0	0	1	0	0	6188	8	0	0	0	0	0	11	0	0	0	0	0	0	0	0	0	0	14	0	0	1651	0	0	0	0	0	0	0	0	410	5467	0	0	1	328	0	114	1	0	0	0	0	4	2618	0
r1_B35	6	0	2	9	0	0	0	0	12012	0	1999	3	0	0	0	0	0	2	0	9	0	112	0	0	0	1	0	3	881	0	0	0	0	0	0	150	0	0	9	0	2882	7	0	0	0	0	0	0	0	0	0	24672	34	0	0	0	0	0	7	0	0	0	0	0	0	0	0	0	0	227	0	0	1921	0	0	0	0	0	1	0	0	253	6959	0	0	0	1981	0	329	0	0	0	0	0	21	1099	0
r1_B36	4	0	2	14	0	0	0	0	14475	0	356	1	0	0	0	0	0	1	1	14	0	78	0	0	0	0	0	3	1149	0	0	0	0	0	0	239	0	0	608	1	960	2	0	0	0	0	0	0	0	0	0	21306	36	0	0	0	0	0	15	0	0	0	0	0	0	0	0	0	0	27	0	0	1287	0	1	0	0	0	0	0	0	108	7201	0	0	0	1720	0	208	0	0	0	0	0	20	12	0
r1_B37	4	0	2	5	0	0	0	0	12720	0	395	0	0	0	0	0	1	2	0	5	0	43	1	0	0	2	0	0	1178	0	0	0	0	0	0	228	0	0	569	2	836	0	0	0	0	0	0	0	0	0	0	17524	40	0	0	0	0	0	10	0	0	0	0	0	0	0	0	0	0	27	0	0	1230	0	0	0	0	0	0	0	0	104	6465	0	0	0	1538	0	207	0	0	0	0	0	13	5	0
r1_B38	2	0	1	23	0	0	0	0	12160	0	456	0	0	1	0	0	0	2	0	19	1	49	1	0	0	2	0	2	1042	0	0	0	0	0	0	160	0	0	577	2	755	0	0	0	0	0	0	0	0	0	0	16198	45	0	0	0	0	0	9	0	0	0	0	0	0	0	0	0	0	26	0	0	963	0	0	0	0	0	0	0	0	71	6244	0	0	0	1329	0	128	0	0	0	0	0	8	2	0
r1_B39	0	0	3	20	0	0	0	2	18545	0	383	0	0	0	0	0	0	4	0	16	0	60	0	0	0	2	0	6	1205	0	0	0	0	0	0	272	0	0	757	2	1075	2	0	0	0	0	0	0	0	0	0	23345	58	0	1	0	0	0	20	0	0	0	0	0	0	0	0	0	0	33	0	0	1718	0	0	0	0	0	0	0	0	130	7482	0	0	0	2204	0	238	0	0	0	0	0	17	7	0
r1_B4	37	0	39	35	0	0	0	1	34441	0	696	4	0	0	0	0	0	3	0	41	11	942	1	0	0	64	0	66	2023	1	0	0	2	0	0	1181	0	0	10	1	2701	109	0	0	0	8	0	0	6	0	0	36350	47	0	2	0	0	0	10	0	0	0	0	0	0	0	4	0	0	20	0	0	5309	0	0	0	0	0	1	0	0	585	17057	0	0	0	13329	0	319	0	0	0	0	0	29	3397	0
r1_B40	10	0	0	8	0	0	0	0	17490	0	178	0	0	0	0	0	0	1	0	11	0	158	3	0	0	2	0	9	595	0	0	1	0	0	0	551	0	0	115	9	634	8	0	0	0	0	0	0	0	0	0	18857	12	0	0	0	0	0	16	0	0	0	0	0	0	0	0	0	0	135	0	0	2930	0	0	0	0	0	0	0	0	913	7762	0	0	0	2498	0	586	0	0	0	0	0	6	3	0
r1_B41	12	0	4	16	0	0	0	0	20582	0	190	0	0	0	0	0	0	1	0	17	0	214	4	0	0	0	0	14	632	1	0	0	1	0	0	631	0	0	147	9	639	5	0	0	0	0	0	0	0	0	0	22078	25	0	0	0	0	0	14	0	0	0	0	0	0	0	0	1	0	145	0	0	2984	0	0	0	0	0	0	0	0	1073	10320	0	0	0	2773	0	638	0	0	0	0	0	7	6	0
r1_B42	29	0	0	11	0	0	0	0	14472	0	192	0	0	0	0	0	0	1	0	14	0	150	3	0	0	1	0	1	797	1	0	0	0	0	0	399	0	0	3	1	322	4	0	1	0	1	0	0	0	0	1	27245	7	0	0	0	0	0	3	0	0	0	0	0	0	0	0	1	0	45	0	0	1937	0	0	0	0	0	0	0	0	557	10150	0	0	0	925	0	593	0	0	0	0	0	3	88	0
r1_B43	48	0	4	21	0	0	0	1	15466	0	257	1	0	0	0	0	0	4	0	11	1	883	0	0	0	0	0	10	1995	3	0	0	3	0	0	269	0	0	60	0	411	16	0	0	0	0	0	0	1	0	0	26927	42	0	0	0	0	0	2	0	0	0	0	0	0	0	0	0	0	254	0	0	1390	0	0	0	0	0	0	0	0	818	8225	0	0	0	3634	0	249	0	0	0	0	0	9	637	0
r1_B44	106	0	2	37	0	0	0	1	20020	0	303	4	0	0	0	0	0	3	0	24	0	789	0	0	0	4	0	8	2420	2	0	0	4	0	0	371	0	0	71	0	594	9	0	1	0	0	0	0	3	0	0	24487	55	0	2	0	0	0	9	0	0	0	0	0	0	0	0	0	0	145	0	0	1687	0	0	0	0	0	1	0	0	1187	9326	0	0	0	4121	0	258	0	0	0	0	0	18	812	0
r1_B45	102	0	11	42	0	0	0	0	13141	0	175	2	0	0	0	0	0	2	0	53	0	663	7	0	0	4	0	18	1217	0	0	0	7	0	0	156	0	0	5	0	583	20	0	1	0	0	0	0	0	0	0	26585	201	0	0	0	0	0	9	0	0	0	0	0	0	0	0	0	0	387	0	0	1567	0	0	0	0	0	0	0	0	744	14170	0	0	0	1616	0	440	0	0	0	0	0	13	2743	0
r1_B46	116	0	29	46	0	0	0	1	10025	0	457	6	0	0	0	0	0	9	0	43	0	1387	43	0	0	3	0	18	2429	2	0	0	7	0	0	136	0	0	6	0	870	28	0	0	0	1	0	0	2	0	0	55386	529	0	2	0	0	0	19	0	0	0	0	0	0	0	0	0	0	1196	0	0	1250	0	0	0	0	0	0	0	1	658	19831	0	0	0	2737	0	464	0	0	0	0	0	24	5219	0
r1_B47	22	0	8	27	0	0	0	0	35589	0	283	0	0	0	0	0	0	3	0	21	0	592	17	0	1	7	0	67	812	6	0	0	15	0	0	2108	0	0	0	2	2376	162	0	0	0	0	0	0	4	0	0	16178	79	0	0	0	0	0	5	0	0	0	0	0	0	0	0	0	0	1064	0	0	7796	0	0	0	0	0	0	0	1	3070	13164	0	0	0	3057	0	2011	0	0	0	0	0	14	6968	0
r1_B5	66	0	56	42	0	0	0	0	33515	0	1597	9	0	0	0	0	0	3	0	46	1	551	0	0	0	2	0	84	1567	1	0	0	1	0	0	1106	0	0	5	1	2240	137	0	0	0	6	0	0	3	0	0	44908	23	0	2	0	0	0	18	0	0	0	0	0	0	0	10	0	0	7	0	0	5120	0	0	0	1	0	0	0	0	191	18736	0	0	0	17541	0	454	1	0	0	0	0	65	2597	0
r1_B6	19	0	63	28	0	0	0	3	23008	0	1933	4	0	0	0	0	0	0	0	27	2	620	0	0	0	0	0	51	1691	1	0	0	0	0	0	1127	0	0	2	1	1555	85	0	0	0	1	0	0	2	0	0	31850	53	0	2	0	0	0	16	0	0	0	0	0	0	0	9	1	0	6	0	0	4426	0	0	0	0	0	1	0	0	88	14051	0	0	0	21748	0	183	0	0	0	0	0	31	4505	0
r1_B7	15	0	52	13	0	0	0	0	19216	0	2153	1	0	0	0	0	0	1	0	7	0	478	1	0	0	10	0	82	1964	0	0	0	0	0	0	997	0	0	0	1	1239	115	0	0	0	5	0	0	3	0	0	21589	108	0	0	0	1	0	7	0	0	0	0	0	0	0	5	0	0	5	0	0	3783	1	0	0	0	0	1	0	0	115	12380	0	0	1	19317	0	137	0	0	0	0	0	52	3979	0
r1_B8	18	0	54	18	0	0	0	1	22071	0	1610	2	0	0	0	0	0	0	0	12	2	618	0	0	0	2	0	21	815	0	0	0	0	0	0	721	0	0	0	0	1174	36	0	0	0	6	0	0	4	0	0	27583	124	0	4	0	0	0	4	0	0	0	0	0	0	0	4	0	0	19	0	0	3519	0	0	0	1	0	2	0	0	43	10138	0	0	0	14374	0	179	0	0	0	0	0	53	1006	0
r1_B9	14	0	45	28	0	0	0	0	21440	0	2708	1	0	0	0	0	0	0	0	30	0	635	0	0	0	1	0	37	1529	3	0	0	0	0	0	929	0	0	325	1	1282	41	0	0	0	3	0	0	2	0	0	30578	117	0	7	0	1	0	3	0	0	0	0	0	0	0	9	0	0	10	0	0	4642	0	0	0	12	0	1	0	0	113	14749	0	0	0	17412	0	240	0	0	0	0	0	41	1454	0
r1_C1	8	0	226	75	0	1	0	44	4063	0	49	1	0	0	0	0	0	13	0	81	0	531	5	0	0	54	0	36	3372	7	0	0	0	0	0	1	0	0	186	2	5200	27	0	0	0	0	0	0	10	0	0	49379	14	0	2	0	0	0	48	0	0	0	0	0	0	0	1	50	0	1309	1	0	876	2	1	0	0	0	6	0	0	1211	23255	0	0	6	3498	0	213	0	0	0	0	0	34	28	0
r1_C10	4	0	31	62	0	0	0	7	10490	0	77	0	0	0	0	0	0	1	0	69	1	86	0	0	0	2	0	13	604	1	0	0	0	0	1	2	0	0	48	7	964	16	0	0	0	0	0	0	0	0	0	22183	7	0	99	0	0	0	6	0	0	0	0	0	0	0	6	382	0	286	0	0	981	1	0	0	2	0	0	0	0	496	7618	0	0	2	3671	0	11	0	0	0	0	0	286	16	0
r1_C11	3	0	20	24	0	0	0	14	7245	0	15	1	0	0	0	0	2	3	0	22	1	74	0	0	0	7	0	16	748	0	0	0	0	0	0	1	0	0	158	1	958	12	0	0	0	0	0	0	0	0	0	18199	12	0	119	0	0	0	5	0	0	0	0	0	0	0	2	248	0	296	0	0	699	0	0	0	0	0	0	0	0	433	7016	0	0	2	2272	0	6	0	0	0	0	0	210	6	0
r1_C12	5	0	10	65	0	0	0	5	1606	0	34	3	0	0	0	0	0	1	0	57	0	368	0	0	0	0	0	12	1057	1	0	0	0	0	0	0	0	0	11	0	794	4	0	0	0	0	0	0	0	0	0	16539	183	0	62	0	0	0	3	0	0	0	0	0	0	0	0	7	0	225	0	0	147	0	0	0	0	0	0	0	0	324	4376	0	0	0	1761	0	46	0	0	0	0	0	157	20	0
r1_C13	2	0	7	46	0	0	0	2	363	0	31	1	0	0	0	0	0	1	0	30	0	286	0	0	0	0	0	9	450	1	0	0	0	0	0	1	0	0	7	0	365	1	0	0	0	0	0	0	0	0	0	7831	15	0	24	0	0	0	1	0	0	0	0	0	0	0	1	2	0	59	0	0	73	0	0	0	0	0	2	0	0	132	2243	0	0	0	155	0	24	0	0	0	0	0	23	11	0
r1_C14	2	0	30	33	0	0	0	2	1274	0	17	3	0	0	0	0	0	2	0	56	0	43	0	0	0	0	0	4	554	1	0	0	0	0	0	0	0	0	9	1	963	4	0	0	0	0	0	0	0	0	0	15083	6	0	45	0	0	0	11	0	0	0	0	0	0	0	0	1	0	207	0	0	319	1	0	0	0	0	1	0	0	387	5730	0	0	1	4996	0	64	0	0	0	0	0	35	14	0
r1_C15	3	0	51	53	0	0	0	3	2642	0	24	1	0	0	0	0	0	3	0	28	0	150	1	0	0	2	0	32	1416	3	0	0	0	0	0	0	0	0	13	0	2179	9	0	0	0	0	0	0	0	0	0	22823	9	0	15	0	0	0	2	0	0	0	0	0	0	0	0	6	0	389	0	0	349	0	0	0	0	0	0	0	0	1535	11570	0	0	3	1273	0	129	0	0	0	0	0	16	8	0
r1_C16	3	0	4	3	0	0	0	2	902	0	4	2	0	0	0	0	0	2	0	8	0	154	1	0	0	4	0	2	243	0	0	0	0	0	0	1	0	0	5	0	708	4	0	0	0	0	0	0	1	0	0	6798	3	0	1	0	0	0	4	0	0	0	0	0	0	0	0	28	0	100	1	0	109	6	0	0	5	0	2	0	0	294	2360	0	0	1	446	0	16	0	0	0	0	0	14	3	0
r1_C17	1	0	32	3	0	0	0	5	659	0	473	1	0	0	0	0	0	1	0	4	2	28	0	0	0	4	0	8	451	1	0	0	0	0	0	0	0	0	12	1	573	3	0	0	0	0	0	0	0	0	0	14653	120	0	0	0	0	0	6	0	0	0	0	0	0	0	0	1	0	172	0	0	54	0	0	0	0	0	1	0	0	182	3860	0	0	0	2110	0	6	0	0	0	0	0	16	2	0
r1_C18	0	0	39	11	0	0	0	7	815	0	911	1	0	0	0	0	0	3	0	13	1	25	0	0	0	85	0	19	506	18	0	0	0	0	0	0	0	0	2445	13	854	7	0	0	0	0	0	0	9	0	0	27408	200	0	0	0	0	0	13	0	0	0	1	0	0	0	0	9	0	158	0	0	179	9	0	0	0	0	1	0	0	215	7066	0	0	2	4684	0	17	0	0	0	0	0	31	2	0
r1_C19	0	0	43	5	0	0	0	8	86	0	1281	0	0	0	0	0	0	1	0	10	0	199	8	0	0	1	0	14	600	2	0	0	0	0	0	0	0	0	1	2	2687	35	0	0	0	0	0	0	0	0	0	18383	60	0	6	0	0	0	14	0	0	0	0	0	0	0	0	0	0	388	0	0	29	0	0	0	0	0	2	0	0	15	2229	0	0	3	1311	0	19	0	0	0	0	0	2	5	0
r1_C2	12	0	249	59	0	0	0	47	6246	0	49	12	0	0	0	0	1	3	0	77	0	352	2	0	0	253	0	42	3572	6	0	0	0	0	0	1	0	0	173	2	5738	13	0	0	0	0	0	0	22	0	0	34481	10	0	0	0	0	0	42	0	0	0	0	0	0	0	0	537	0	830	0	1	1853	29	0	0	0	0	4	0	0	1011	16217	0	0	5	2032	0	322	0	0	0	0	0	106	29	0
r1_C20	2	0	78	34	0	0	0	7	1072	0	3531	1	0	0	0	0	0	2	0	39	0	250	14	0	0	7	0	63	1915	3	0	0	1	0	0	0	0	0	39	4	8497	100	0	0	0	0	0	0	0	0	0	33093	86	0	14	0	0	0	14	0	0	0	0	0	0	0	0	0	0	923	0	0	305	0	0	0	0	0	1	0	0	279	9060	0	0	9	2433	0	146	0	0	0	0	0	7	7	0
r1_C21	15	0	30	79	0	0	0	1	2185	0	613	12	0	0	0	0	0	1	0	78	0	65	53	0	0	9	0	22	836	5	0	0	0	0	0	6	0	0	434	1	1385	13	0	0	0	0	0	0	0	0	0	26675	4	0	0	0	0	0	5	0	0	0	0	0	0	0	0	2	0	2415	0	0	189	1	0	0	0	0	1	0	0	225	12619	0	0	3	897	0	40	0	0	0	0	0	88	29	0
r1_C22	8	0	32	25	0	0	0	7	3129	0	153	4	0	0	0	0	0	3	0	21	1	95	2	0	0	8	0	37	1005	3	0	0	0	0	0	0	0	0	116	0	2154	13	0	0	0	0	0	0	0	0	0	29905	35	0	1	0	0	0	15	0	0	0	0	0	0	0	1	0	0	403	0	1	213	0	0	0	0	0	1	0	0	764	16877	0	0	2	1515	0	122	0	0	0	0	0	208	5	0
r1_C23	10	0	35	20	0	0	0	12	3117	0	1040	15	0	0	0	0	0	7	0	36	0	121	4	0	0	9	0	13	860	3	0	0	0	0	0	2	0	0	735	0	1652	14	0	0	0	0	0	0	0	0	0	30580	19	0	0	0	0	0	27	0	0	0	0	0	0	0	1	1	0	463	0	0	378	0	0	0	1	0	1	0	0	951	13452	0	0	4	3242	0	142	0	0	0	0	0	494	14	0
r1_C24	1	0	27	20	0	0	0	4	2766	0	184	1	0	0	0	0	0	8	0	17	0	45	0	0	0	13	0	19	372	1	0	0	0	0	0	2	0	0	178	0	596	4	0	0	0	0	0	0	0	0	0	20113	83	0	1	0	0	0	19	0	0	0	0	0	0	0	2	2	0	132	0	0	172	1	0	0	1	0	1	0	0	315	8372	0	0	3	1930	0	157	0	0	0	0	0	188	7	0
r1_C25	39	0	6	178	0	0	0	1	723	0	226	59	0	0	0	0	0	1	0	191	0	19	1	0	0	1	0	9	265	2	0	0	0	0	0	4	0	0	28	0	376	2	0	0	0	0	0	0	0	0	0	6449	4	0	1	0	0	0	0	0	0	0	0	0	0	0	0	0	0	73	0	1	115	0	0	1	0	0	4	0	1	133	3577	0	0	0	244	0	24	0	0	0	0	0	87	62	0
r1_C26	1	0	15	8	0	0	0	3	2507	0	1227	4	0	0	0	0	0	2	0	10	3	37	8	0	0	24	0	12	556	21	0	0	0	0	0	0	0	0	187	1	750	11	0	0	0	0	0	0	0	0	0	13683	7	0	0	0	0	0	13	0	0	0	0	0	0	0	0	3	0	246	0	0	121	5	0	0	0	0	0	0	0	231	6062	0	0	2	637	0	47	0	0	0	0	0	136	2	0
r1_C27	4	0	37	39	0	0	0	5	2731	0	1113	3	0	0	0	0	0	5	0	18	1	33	1	0	0	5	0	13	761	6	0	0	0	0	0	0	0	0	25	3	1214	8	0	0	0	0	0	0	0	0	0	21799	29	0	1	0	0	0	15	0	0	0	0	0	0	0	0	1	0	266	0	0	110	0	0	0	0	0	1	0	1	508	9550	0	0	5	1625	0	27	0	0	0	0	0	28	10	0
r1_C28	5	0	33	53	0	0	0	3	1946	0	441	9	0	0	0	0	0	4	0	48	0	107	1	0	0	7	0	44	1245	18	0	0	0	1	0	4	0	0	114	1	1622	15	0	0	0	0	0	0	0	0	0	30451	5	0	1	0	0	0	5	0	0	0	0	0	0	0	0	1	0	367	0	0	258	3	0	0	1	0	0	0	0	771	13836	0	0	5	981	0	96	0	0	0	0	0	103	15	0
r1_C29	1	0	107	27	0	0	0	6	691	0	255	1	0	0	0	0	0	7	0	18	0	115	3	0	0	74	0	36	1346	13	0	0	0	0	0	1	0	0	199	2	1975	17	0	0	0	0	0	0	8	0	0	26998	8	0	4	0	0	0	5	0	0	0	0	1	0	0	0	15	0	906	0	0	274	26	0	0	0	0	2	0	0	43	9031	0	0	3	1006	0	22	0	0	0	0	0	34	5	0
r1_C3	25	0	319	39	0	0	0	35	9181	0	377	0	0	0	0	0	0	7	0	35	1	110	1	0	0	544	0	62	2871	7	0	0	0	0	0	0	0	0	497	2	4324	24	0	0	0	0	0	0	36	0	0	37563	5	0	2	0	0	0	25	0	0	0	0	0	0	0	2	210	0	497	0	0	2228	103	0	0	0	0	1	0	2	2337	15906	0	0	4	5543	0	498	0	0	0	0	0	158	13	0
r1_C30	4	0	12	13	0	0	0	2	3694	0	584	2	0	0	0	0	0	4	0	16	0	25	0	0	0	3	0	10	609	2	0	0	0	0	0	1	0	0	123	1	483	8	0	0	0	0	0	0	0	0	0	15894	15	0	1	0	0	0	1	0	0	0	0	0	0	0	0	0	0	47	0	0	237	0	0	0	0	0	0	0	0	734	6743	0	0	1	537	0	98	0	0	0	0	0	50	2	0
r1_C31	3	0	31	20	0	0	0	3	930	0	786	0	0	0	0	0	1	3	0	14	0	42	0	0	0	60	0	12	935	96	0	0	0	0	0	0	0	0	359	18	686	8	0	0	0	0	0	0	9	0	0	16469	5	0	2	0	0	0	15	0	0	0	0	2	0	0	0	6	0	320	0	0	239	5	0	0	0	0	0	0	0	182	5070	0	0	0	1120	0	13	0	0	0	0	0	7	10	0
r1_C32	1	0	26	14	0	0	0	7	2323	0	1248	1	0	0	0	0	0	5	0	14	0	64	1	0	0	6	0	11	1075	9	0	0	0	0	0	0	0	0	2613	82	1103	10	0	0	0	0	0	0	0	0	0	35497	16	0	7	0	0	0	22	0	0	0	0	0	0	0	0	3	0	361	0	0	269	0	0	0	0	0	0	0	0	585	7755	0	0	0	1972	0	61	0	0	0	0	0	33	6	0
r1_C33	2	0	64	25	0	0	0	2	3795	0	1362	0	0	0	0	0	0	6	0	20	0	86	0	0	0	17	0	11	726	4	0	0	0	0	0	0	0	0	279	0	1177	9	0	0	0	0	0	0	1	0	0	29038	47	0	0	0	0	0	14	0	0	0	0	0	0	0	0	1	0	103	0	0	277	0	0	0	0	0	0	0	0	514	10030	0	0	0	1738	0	259	0	0	0	0	0	111	12	0
r1_C4	1	0	71	16	0	0	0	6	2208	0	15	0	0	0	0	0	0	1	0	13	1	52	1	0	0	88	0	19	947	2	0	0	0	0	0	0	0	0	40	0	1443	9	0	0	0	0	0	0	2	0	0	9105	2	0	0	0	0	0	7	0	0	0	0	0	0	0	2	224	0	153	0	0	547	5	0	0	0	0	0	0	0	838	7054	0	0	1	2153	0	70	0	0	0	0	0	9	4	0
r1_C5	9	0	69	50	0	1	0	11	1776	0	30	5	0	0	0	0	0	1	0	46	0	28	0	0	0	81	0	17	1211	1	0	0	0	0	0	2	0	0	12	0	886	7	0	0	0	0	0	0	10	0	0	7885	1	0	0	0	0	0	0	0	0	0	0	0	0	0	0	358	0	93	0	0	571	1	0	0	0	0	0	0	1	1055	4988	0	0	1	1872	0	140	0	0	0	0	0	13	14	0
r1_C6	17	0	104	125	0	0	0	11	5782	0	95	5	0	0	0	0	0	3	0	144	0	157	0	0	0	2	0	27	781	0	0	0	0	0	0	3	0	0	86	0	1950	23	0	0	0	0	0	0	0	0	0	23789	2	0	1	0	0	0	8	0	0	0	0	0	0	0	0	12	0	98	0	0	533	0	0	0	0	0	2	0	1	431	7205	0	0	2	4756	0	53	0	0	0	0	0	42	42	0
r1_C7	5	0	164	39	0	0	0	37	5491	0	22	0	0	0	0	0	0	8	0	33	1	228	2	0	0	5	0	106	2140	8	0	0	0	0	0	0	0	0	27	1	4779	23	0	0	0	0	0	0	1	0	0	42482	4	0	152	0	0	0	69	0	0	0	0	0	0	0	10	7	0	322	0	0	1686	0	1	0	0	0	0	0	0	4307	25304	0	0	4	1921	0	539	0	0	0	0	0	59	13	0
r1_C8	1	0	20	31	0	0	0	19	13189	0	208	2	0	0	0	0	0	2	0	25	0	112	0	0	0	2	1	12	438	1	0	0	1	0	0	2	0	0	6	3	896	17	0	0	0	0	0	0	0	0	0	29230	3	0	56	0	0	0	12	0	0	0	0	0	0	0	16	37	0	178	0	0	1930	0	0	0	4	0	0	0	0	1056	9478	0	0	2	6663	0	45	0	0	0	0	0	289	15	0
r1_C9	5	0	38	44	0	0	0	12	11083	0	146	5	0	0	0	0	0	1	0	27	5	141	0	0	0	9	0	27	784	0	0	0	0	0	0	0	0	0	1303	87	1346	24	0	0	0	0	0	0	0	0	0	30381	8	0	106	0	0	0	24	0	0	0	1	0	0	0	13	606	0	377	0	0	1414	0	0	0	405	0	0	0	0	686	9395	0	0	6	6139	0	15	0	0	0	0	0	349	15	0
r2_1	1384	0	74	1	0	0	0	13	16796	0	3392	1	0	0	0	0	0	89	0	1	9	453	1	0	0	0	0	4	3647	0	0	0	0	0	0	0	0	0	14	34	6291	9	0	0	1	0	0	0	0	0	0	37418	190	0	933	0	0	0	84	0	0	0	0	0	0	0	0	0	0	1	0	0	2529	0	0	0	0	0	12	0	0	116	21491	0	0	1	24244	0	22	0	0	0	0	0	6468	3	0
r2_10	215	0	16	3	0	0	0	0	7186	0	2381	2	0	0	0	0	0	4	0	1	1	11	1	0	0	1	1	7	633	0	0	0	0	0	0	0	0	0	2	0	1867	12	0	0	0	0	0	0	0	0	0	11131	4	0	28	0	0	0	2	0	0	0	0	0	0	0	0	0	0	18	0	0	781	0	0	0	0	0	8	0	0	87	7281	0	0	0	146	0	50	0	0	0	0	0	2336	1	0
r2_11	840	3	119	25	0	0	0	12	6882	0	6141	5	0	0	0	0	0	13	0	2	1	53	111	0	0	12	0	25	7581	0	0	0	0	0	0	0	0	0	24	1	5625	82	0	0	0	0	0	0	0	0	0	26898	7	0	5	0	0	0	4	0	0	0	0	0	0	0	0	0	0	74	0	0	1247	0	0	0	0	1	16	0	0	169	12264	0	0	0	1354	0	23	0	0	0	0	0	1588	4	0
r2_12	554	1	73	4	0	0	0	1	15821	0	2834	2	0	0	0	0	0	1	0	4	2	240	29	0	0	0	0	13	1063	0	0	0	0	0	0	0	0	0	8	0	2834	8	0	0	0	0	0	0	0	0	0	20488	6	0	0	0	0	0	15	0	0	0	0	0	0	0	16	0	0	64	0	0	1863	0	0	0	0	0	5	0	0	184	12023	0	0	0	725	0	209	0	0	0	0	0	5817	1	0
r2_13	1027	0	120	8	0	0	0	5	22617	0	1671	2	0	0	0	0	0	64	0	1	19	46	1	0	0	2	0	29	1279	0	0	0	0	0	0	0	0	0	91	22	3792	14	0	0	0	0	0	0	0	0	0	29633	70	0	157	0	0	1	37	0	0	0	0	0	0	0	34	0	0	83	0	0	2538	0	0	0	2	0	4	0	0	180	10911	0	0	0	2058	0	93	0	0	0	0	0	5298	0	0
r2_14	510	1	81	1	0	0	0	10	6009	1	1984	2	0	0	0	0	0	32	0	1	1	76	34	0	0	3	0	13	872	0	0	0	0	0	0	0	1	0	14	13	1959	14	0	0	2	0	0	0	0	0	0	24520	0	0	168	0	0	0	16	0	0	0	0	0	0	0	4	1	0	91	0	0	683	0	0	0	0	0	7	1	0	78	13287	0	0	0	7336	0	12	0	0	0	0	0	2571	1	0
r2_15	530	0	29	6	0	0	0	1	13906	0	3190	5	0	0	0	0	0	5	0	4	2	29	24	0	0	0	0	17	961	0	0	0	0	0	0	0	0	0	4	0	2449	15	0	0	1	0	0	0	0	0	0	24336	0	0	9	0	0	0	5	0	0	0	0	0	0	0	1	0	0	41	0	0	1624	0	0	0	0	0	10	0	0	215	14294	0	0	0	1113	0	227	0	0	0	0	0	5629	1	0
r2_16	425	1	27	6	0	0	0	1	7933	0	2948	4	0	0	0	0	0	0	0	5	0	16	2	0	0	0	0	9	915	0	0	0	0	0	0	0	2	0	0	4	1479	27	0	0	0	0	0	0	0	0	0	15040	1	0	4	0	0	0	2	0	0	0	0	0	0	0	1	0	0	29	0	0	1355	0	0	0	0	0	23	0	0	307	14640	0	0	0	2673	0	133	0	0	0	0	0	3116	1	0
r2_17	754	0	57	6	0	0	0	2	8203	0	2996	8	0	0	0	0	0	5	0	6	0	89	81	0	0	1	1	22	1389	0	0	0	1	0	0	0	2	0	13	3	2419	34	0	0	0	0	0	0	0	0	0	23797	230	0	178	0	0	0	1	0	0	0	0	0	0	0	17	0	0	77	0	0	1097	1	0	0	0	1	5	0	0	349	18926	0	0	0	5166	0	100	0	0	0	0	0	2858	1	0
r2_18	305	1	30	6	0	0	0	1	5190	0	3834	2	0	0	0	0	0	11	0	2	0	27	58	0	0	1	1	38	1411	0	0	0	0	0	0	0	0	0	11	12	4140	47	0	0	0	0	0	0	0	0	0	21577	225	0	2	0	0	0	10	0	0	0	0	0	0	0	2	0	0	43	0	0	739	0	0	0	0	0	5	0	0	176	10184	0	0	0	7260	0	36	0	0	0	0	0	2476	2	0
r2_19	454	1	24	3	0	0	0	3	7362	0	2629	2	0	0	0	0	0	3	0	1	0	29	137	0	0	3	0	16	1635	0	0	0	0	0	0	1	0	0	0	17	3052	32	0	1	0	0	0	0	0	0	0	21058	131	0	2	0	0	0	3	0	0	0	0	0	0	0	2	0	0	48	0	0	1008	0	0	0	0	0	10	0	0	215	11218	0	0	0	4693	0	98	0	0	0	0	0	4280	1	0
r2_2	776	6	76	8	0	0	0	1	8944	0	5046	2	0	0	0	0	0	41	0	1	9	41	0	0	0	0	0	54	3107	0	0	0	0	0	0	0	1	0	174	9	9865	50	0	0	0	0	0	0	0	0	0	32544	186	0	197	0	0	0	24	0	0	0	0	0	0	0	0	0	0	10	0	0	1739	0	0	0	0	0	6	0	0	326	23807	0	0	0	7854	0	32	0	0	0	0	0	2801	5	0
r2_20	1064	2	138	12	0	0	0	21	19653	0	9492	10	0	0	0	0	0	57	0	1	0	47	16	0	0	0	0	28	2836	0	0	0	0	0	0	0	0	0	352	4	6428	41	0	0	2	0	0	0	0	0	0	44186	32	0	66	0	0	0	45	0	0	0	0	0	0	0	89	0	0	170	0	0	1614	0	0	0	0	0	11	0	0	203	25603	0	0	0	6504	0	64	0	0	0	0	0	2211	1	0
r2_21	1098	2	89	10	0	0	0	7	12012	0	15785	6	0	0	0	0	0	9	0	4	1	39	1	0	0	2	0	34	3410	0	0	0	0	0	0	0	2	0	18	9	4317	62	0	0	0	0	0	0	0	0	0	31641	0	0	57	0	0	0	16	0	0	0	0	0	0	0	20	0	0	23	0	0	1946	0	0	0	0	0	19	0	0	259	29810	0	0	0	5193	0	170	0	0	0	0	0	3843	3	0
r2_22	1104	1	63	12	0	0	0	7	14170	0	7507	9	0	0	0	0	0	10	0	4	1	31	2	0	0	17	0	35	3160	1	0	0	0	0	0	0	1	0	51	24	5143	79	0	0	0	0	0	0	0	0	0	24797	148	0	37	0	0	0	4	0	0	0	0	0	0	0	0	0	0	58	0	0	2148	0	0	0	0	0	9	0	0	429	21861	0	0	0	6221	0	146	0	0	0	1	0	8883	1	0
r2_23	1403	3	69	2	0	0	0	8	17943	1	5250	11	0	0	0	0	0	6	0	4	0	43	0	1	0	4	0	40	2468	0	0	0	0	0	0	0	0	0	9	4	7021	60	0	0	0	0	0	0	0	0	0	39217	16	0	3	0	0	0	1	0	0	0	0	0	0	0	0	0	0	49	0	0	2154	0	0	0	0	0	12	0	0	220	11927	0	0	0	1240	0	239	0	0	0	0	0	11677	2	0
r2_24	690	2	21	6	0	0	0	2	18336	0	4838	11	0	0	0	0	0	2	0	5	0	17	0	0	0	7	0	15	2017	0	0	0	0	0	0	0	2	0	1	1	2732	40	0	0	1	0	0	0	0	0	0	21263	22	0	16	0	0	0	0	0	0	0	0	0	0	0	0	0	0	12	0	0	2789	0	0	0	0	2	13	0	0	237	14050	0	0	0	2438	0	202	0	0	0	0	0	14158	2	0
r2_25	645	1	35	5	0	1	0	1	10189	0	2894	7	0	0	0	0	0	5	0	3	0	21	0	0	0	1	0	8	1388	0	0	0	0	0	0	0	1	0	3	2	2085	27	0	0	0	0	0	0	0	0	0	17198	1	0	0	0	0	0	4	0	0	0	0	0	0	0	4	0	0	7	0	0	1919	0	0	0	0	0	6	0	0	58	7865	0	0	0	2707	0	142	0	0	0	0	0	6525	2	0
r2_26	596	1	22	3	0	0	0	1	8883	0	3458	3	0	0	0	0	0	7	0	2	0	25	0	0	0	0	0	7	910	0	0	0	0	0	0	0	0	0	30	1	2326	8	0	0	0	0	0	0	0	0	0	19818	8	0	79	0	0	0	1	0	0	0	0	0	0	0	44	0	0	4	0	0	1095	1	0	0	0	0	3	0	0	45	10207	0	0	0	819	0	178	0	0	0	0	0	4874	0	0
r2_27	410	0	36	12	0	0	0	0	8143	0	4460	3	0	0	0	0	0	2	0	8	1	37	3	0	0	0	0	10	1815	0	0	0	0	0	0	0	0	0	343	3	1553	17	0	0	0	0	0	0	0	0	0	15937	9	0	17	0	0	0	1	0	0	0	0	0	0	0	2	0	0	34	0	0	1345	0	0	0	0	0	4	0	0	119	11582	0	0	0	339	0	219	0	0	0	0	0	2379	2	0
r2_28	278	1	14	2	0	0	0	0	7640	0	3835	4	0	0	0	0	0	0	0	3	0	25	0	0	0	2	0	11	1053	0	0	0	0	0	0	0	0	0	0	1	2198	13	0	0	0	0	0	0	0	0	0	15650	1	0	0	0	0	0	0	0	0	0	0	0	0	0	0	0	0	44	0	0	1186	0	0	0	0	0	5	0	0	44	7892	0	0	0	283	0	61	0	0	0	0	0	3405	1	0
r2_29	208	1	17	70	0	0	0	1	3495	0	4237	51	0	0	0	0	0	5	0	42	0	70	5	0	0	3	0	17	1737	0	0	0	0	0	0	1	4	0	8	0	2022	22	0	0	0	0	0	0	0	0	0	16497	0	0	0	0	0	0	1	0	0	0	0	0	0	0	7	0	0	36	0	0	741	0	0	0	1	0	22	0	0	176	11803	0	0	0	213	0	43	0	0	0	0	0	1244	15	0
r2_3	1334	0	17	4	0	0	0	0	16164	0	2938	5	0	0	0	0	0	17	0	2	5	31	30	0	0	0	0	34	1702	0	0	0	0	0	0	0	0	0	4	2	6174	62	0	0	0	0	0	0	0	0	0	26886	6	0	4	0	0	0	9	0	0	0	0	0	0	0	0	0	0	20	0	0	2040	0	0	0	0	1	13	0	0	528	22475	0	0	0	1168	0	194	0	0	0	0	0	4824	4	0
r2_30	356	0	37	6	0	0	0	2	4785	0	4862	4	0	0	0	0	0	5	0	3	6	20	0	0	0	1	0	27	1972	0	0	0	0	0	0	0	2	0	4	0	2920	33	0	0	0	0	0	0	0	0	0	16605	7	0	0	0	0	0	20	0	0	0	0	0	0	0	2	0	0	9	0	0	725	0	0	0	0	0	5	1	0	120	25127	0	0	0	554	0	3	0	0	0	0	0	93	0	0
r2_31	491	1	25	8	0	0	0	2	12359	0	6806	5	0	0	0	0	0	0	0	2	1	14	0	0	0	5	0	12	2453	0	0	0	0	0	0	0	1	0	1	2	3150	40	0	0	0	0	0	0	0	0	0	24684	70	0	0	0	0	0	1	0	0	0	0	0	0	0	1	0	0	11	0	0	2871	0	0	0	0	0	12	0	0	247	14820	0	0	0	973	0	103	0	0	0	0	0	2068	0	0
r2_32	590	1	21	6	0	0	0	3	3749	0	4070	3	0	0	0	0	0	7	0	1	0	21	1	0	0	0	0	20	2209	0	0	0	0	0	0	0	0	0	0	2	3051	33	0	0	0	0	0	0	0	0	0	23766	55	0	4	0	0	0	4	0	0	0	0	0	0	0	1	0	0	7	0	0	1599	0	0	0	0	0	8	0	0	311	17421	0	0	0	1796	0	66	0	0	0	0	0	4331	0	0
r2_33	1091	0	54	12	0	0	0	0	6674	0	3156	4	0	0	0	0	0	9	0	2	1	35	0	0	0	1	0	56	4117	0	0	0	1	0	0	0	1	0	0	0	5560	72	0	0	0	0	0	0	0	0	0	29215	2	0	0	0	0	0	10	0	0	0	0	0	0	42	0	1	0	14	0	0	1754	0	0	0	0	5	12	0	0	417	23980	0	0	0	2916	0	70	0	0	0	0	0	4562	2	0
r2_34	1781	2	31	18	0	0	0	1	8225	0	3466	20	0	0	0	0	0	4	0	9	7	19	0	0	0	15	0	36	5675	0	0	0	1	0	0	1	0	0	13	31	9119	57	0	0	3	0	0	0	0	0	0	32188	0	0	0	0	1	0	11	0	0	0	0	0	0	29	0	0	0	39	0	0	1519	0	0	0	0	0	22	0	0	386	32871	0	0	0	4729	0	77	0	0	0	0	1	10111	3	0
r2_35	880	1	22	25	0	0	0	1	10031	0	3767	23	0	0	0	0	0	3	0	15	1	30	0	0	0	0	0	36	3063	0	0	0	1	0	0	0	2	0	3	5	7275	27	0	0	0	0	0	0	0	0	0	39804	33	0	3	0	0	0	12	0	1	0	0	0	0	32	10	0	0	20	0	0	2379	0	0	1	1	2	13	0	0	544	32363	0	0	0	2993	0	275	0	0	0	0	0	9711	6	0
r2_36	1453	0	22	19	0	0	0	0	12973	0	6925	12	0	0	0	0	0	3	0	6	2	38	0	0	1	0	0	36	2325	0	0	0	0	0	0	1	1	0	3	0	5702	44	0	0	0	0	0	0	0	0	0	47345	73	0	119	0	0	1	16	0	0	0	0	0	0	8	0	0	0	32	0	1	4630	0	0	0	2	0	10	0	0	1460	37692	0	0	0	1321	0	494	0	0	0	0	0	8112	5	0
r2_37	5	0	0	63	0	0	0	0	57	0	46	54	0	0	0	0	0	0	0	50	0	1	1	0	0	0	0	1	11	0	0	0	0	0	0	0	0	0	7	0	69	0	0	0	0	0	0	0	0	0	0	283	1	0	0	0	0	0	0	0	0	0	0	0	0	1	0	0	0	1	0	0	18	0	0	0	0	0	8	1	0	8	310	0	0	0	5	0	3	0	0	0	0	0	32	19	0
r2_38	873	2	23	5	0	0	0	2	1677	0	5888	4	0	0	0	0	0	4	0	2	1	10	0	0	1	0	0	21	4321	0	0	0	0	0	0	0	0	0	1	0	3530	70	0	0	0	0	0	0	0	0	0	25137	2	0	5	0	0	0	7	0	0	0	0	0	0	0	0	0	0	40	0	0	998	0	0	0	0	3	8	0	0	227	14725	0	0	0	684	0	4	0	0	0	0	0	9847	2	0
r2_39	869	2	18	6	0	0	0	2	3403	0	8098	7	0	1	0	0	0	4	0	2	1	13	0	0	0	2	1	13	4040	0	0	0	0	0	0	0	4	0	0	2	3360	39	0	0	0	0	0	0	0	0	0	26299	68	0	33	0	0	0	13	0	0	0	0	0	0	0	0	0	0	10	0	0	1266	1	0	0	0	2	10	0	0	194	18377	0	0	0	2344	0	17	0	0	0	0	0	5032	1	0
r2_4	949	1	39	7	9	1	1	0	15730	0	3030	3	6	0	0	0	0	83	0	3	1	149	0	0	0	1	0	7	1353	0	0	0	0	0	0	0	1	0	14585	286	2002	47	0	0	0	0	0	0	0	0	0	18954	9	0	6	0	0	0	29	30	0	0	0	0	0	1	1	0	0	41	0	5	2596	0	0	0	0	0	10	0	0	240	10661	0	0	0	5812	0	59	0	0	0	0	0	4392	0	0
r2_40	541	2	11	8	0	1	0	1	3268	0	6234	3	0	0	0	0	0	0	0	4	1	9	0	0	1	2	1	14	3843	0	0	0	0	0	0	0	0	0	8	1	3377	33	0	0	0	0	0	0	0	0	0	17254	1	0	4	0	0	0	3	0	0	0	0	0	0	9	0	0	0	5	0	0	1028	0	0	0	0	0	7	1	0	126	18086	0	0	0	998	0	46	0	0	0	0	0	4625	3	0
r2_41	696	0	10	6	0	0	0	2	7496	0	2769	4	0	0	0	0	0	3	0	0	0	22	0	0	0	0	0	10	2658	0	0	0	0	0	0	0	0	0	2	4	2273	32	0	0	0	0	0	0	0	0	0	14414	13	0	0	0	0	0	1	0	0	0	0	0	0	0	2	0	0	2	0	0	1427	0	0	1	0	1	13	0	0	314	11074	0	0	0	2276	0	26	0	0	0	0	0	7110	2	0
r2_42	2490	3	50	5	0	0	0	2	16843	0	8163	9	0	0	0	0	0	3	0	3	7	51	2	0	0	2	0	33	6204	1	0	0	0	0	0	0	1	0	6	2	14479	91	0	0	0	0	0	0	0	0	0	46427	34	0	0	0	0	0	6	0	0	0	0	0	0	0	1	0	0	17	2	0	5368	0	0	0	0	1	14	0	0	830	33643	0	0	0	2161	0	57	0	0	0	0	0	4148	2	0
r2_43	179	0	42	9	0	0	0	2	748	0	7793	5	0	0	0	0	0	5	0	3	0	10	0	0	1	2	0	4	2997	0	0	0	0	0	0	0	1	0	0	1	5819	24	0	0	0	0	0	0	0	1	0	18832	34	0	9	0	0	0	11	0	0	0	0	0	0	0	0	0	0	0	0	0	297	0	0	0	0	0	5	0	0	29	8698	0	0	0	2009	0	4	0	0	0	0	0	933	1	0
r2_44	236	2	6	67	0	0	0	0	950	0	6352	40	0	0	0	0	0	0	0	34	0	14	0	0	0	0	0	4	1762	0	0	0	0	0	0	3	2	0	2	3	1491	17	0	0	0	0	0	0	0	0	0	16136	12	0	1	0	0	0	3	0	0	0	0	0	0	0	0	1	0	16	0	0	262	0	1	0	0	0	19	0	0	66	7493	0	0	0	761	0	3	0	0	1	0	0	948	16	0
r2_45	4	0	0	36	0	0	0	0	40	0	18	27	0	0	0	0	0	0	0	23	0	3	1	0	0	0	0	0	11	0	0	0	0	0	0	0	0	0	0	1	41	0	0	0	0	0	0	0	0	0	0	239	0	0	0	0	0	0	0	0	0	0	0	1	0	0	0	0	0	2	0	0	13	0	0	0	0	0	10	0	0	4	166	0	0	0	7	0	3	0	0	0	0	0	17	9	0
r2_46	261	1	10	54	0	0	0	0	264	0	3515	33	0	0	0	0	0	1	0	31	1	9	1	0	0	0	0	11	2459	0	0	0	0	0	0	3	0	0	2	1	1677	28	0	0	0	0	0	0	0	0	0	11315	1	0	32	0	0	0	3	0	0	0	0	0	0	0	0	1	0	1	1	0	93	0	0	0	0	1	19	0	0	40	6595	0	0	0	1324	0	1	0	0	0	0	0	464	15	0
r2_47	1027	2	13	9	0	0	0	1	11684	0	6499	5	0	0	0	0	0	1	0	2	3	39	0	0	1	2	0	40	4747	0	0	0	0	0	0	0	1	0	0	0	5506	28	0	0	0	0	0	0	0	0	0	35172	7	0	114	0	0	0	15	0	0	0	0	0	0	0	10	0	0	1	0	1	2269	0	0	0	0	2	17	0	0	626	22835	0	0	2	1508	1	83	0	0	2	0	0	4178	2	0
r2_48	1044	5	19	12	0	0	0	0	8194	0	7840	9	0	0	0	0	1	6	0	2	1	28	0	0	0	4	0	30	3580	0	0	0	0	0	0	0	0	0	2	12	3537	35	0	0	0	0	0	0	0	0	0	35328	2	0	8	0	0	0	21	0	0	0	0	0	0	0	35	0	0	3	0	0	2199	0	0	0	0	0	23	0	0	619	29422	0	0	0	8303	0	55	0	0	0	0	0	7237	2	0
r2_49	1024	2	34	3	0	1	0	0	2724	0	9048	13	0	0	0	0	0	5	0	1	0	33	0	0	0	2	0	40	8580	0	0	0	0	0	0	0	3	0	10	16	14950	72	0	0	0	0	0	0	0	0	0	47651	5	0	6	0	1	0	15	0	0	0	0	0	0	0	0	0	0	9	0	0	1305	0	0	0	0	1	23	0	0	275	36122	0	0	0	5465	0	24	0	0	0	0	0	7328	0	0
r2_5	572	0	29	8	0	0	0	0	12268	0	1860	5	0	0	0	0	0	5	0	1	0	33	16	0	0	0	0	13	748	0	0	0	0	0	0	0	0	0	618	12	2481	18	0	0	0	0	0	0	0	0	0	15309	122	0	450	0	0	0	13	0	0	0	0	0	0	0	1	0	0	25	0	0	1817	0	0	0	13	0	4	0	0	234	8389	0	0	0	6069	0	268	0	0	0	0	0	3368	1	0
r2_50	979	2	36	3	0	2	0	3	9760	0	3382	3	0	0	0	0	0	2	0	2	0	38	0	0	0	2	1	38	3761	0	0	0	0	0	0	0	0	0	0	3	5398	24	1	0	0	0	0	0	0	0	0	25397	1	0	0	0	0	0	41	0	0	0	0	0	0	0	0	0	0	13	0	0	1494	0	0	0	0	0	13	0	0	380	19524	0	0	0	2369	0	38	0	0	0	0	0	2269	0	0
r2_51	1774	4	4	18	0	0	0	0	7605	0	6485	12	0	0	0	0	0	3	0	12	0	48	0	0	0	1	0	69	6659	0	0	0	0	0	0	0	2	0	6	0	6575	46	0	0	1	0	0	0	0	0	0	34229	10	0	1	0	0	0	6	0	0	0	0	0	0	0	0	0	0	19	0	0	1426	0	0	1	0	2	24	0	0	481	33566	0	0	0	760	0	16	0	0	0	0	0	9557	3	0
r2_52	4	0	0	26	0	0	0	0	20	0	35	17	0	0	0	0	0	0	0	12	0	0	0	0	0	0	0	0	18	0	0	0	0	0	0	0	0	0	1	0	26	0	0	0	0	0	0	0	0	0	0	176	0	0	0	0	0	0	0	0	0	0	0	0	0	0	0	0	0	0	0	0	1	0	0	0	0	0	6	0	0	6	136	0	0	0	5	0	3	0	0	0	0	0	13	3	0
r2_53	315	0	10	4	0	0	0	0	6823	0	4189	4	0	0	0	0	0	6	0	1	3	30	1	0	0	1	1	28	1504	0	0	0	0	0	0	0	1	0	0	4	2179	6	0	0	0	0	0	0	0	0	0	17365	94	0	4	0	0	0	3	0	0	0	0	0	0	0	7	0	0	14	0	0	929	0	0	0	0	0	8	0	0	90	11737	0	0	0	3120	0	59	0	0	0	0	2	903	3	0
r2_54	688	0	33	6	0	0	0	7	9450	0	6043	8	0	0	0	0	0	13	0	4	1	42	2	0	0	1	0	46	3287	0	0	0	0	0	0	1	1	0	9	2	3891	34	0	0	0	0	0	0	0	0	0	19717	54	0	6	0	0	0	10	0	0	0	0	0	0	0	1	0	0	44	0	0	2106	1	0	0	0	0	10	1	0	443	17759	0	0	0	2251	0	69	0	0	0	0	0	1119	3	0
r2_55	870	2	24	17	0	0	0	1	12277	0	5531	14	0	0	0	0	0	2	0	15	10	24	1	0	0	0	0	23	2775	0	0	0	0	0	0	0	1	0	11	4	4898	29	0	0	1	0	0	0	0	0	0	27854	9	0	0	0	0	0	2	0	0	0	0	0	0	0	0	0	0	36	0	0	2113	1	0	0	0	0	17	0	0	528	17224	0	0	0	3824	0	154	0	0	0	0	0	3324	5	0
r2_56	9	9	24	18	0	0	0	1	42	0	7144	7	0	0	0	0	0	4	0	5	0	26	1	0	1	3	0	11	14766	0	0	0	0	0	0	0	0	0	1	1	11923	100	0	0	0	0	0	0	0	0	0	31892	398	0	0	0	0	1	4	0	0	0	0	0	0	0	0	0	0	2	0	0	12	0	0	0	0	0	20	0	0	3	17233	0	0	0	1053	0	1	0	0	0	0	2	416	4	0
r2_57	582	1	9	3	0	0	0	1	9706	0	3352	4	0	0	0	0	0	0	0	5	3	10	0	0	0	0	1	25	1511	0	0	0	0	0	0	0	1	0	1	1	2825	21	0	0	0	0	0	0	0	0	0	23644	8	0	0	0	0	0	4	0	0	0	0	0	0	0	0	0	0	3	0	1	1937	0	0	0	0	0	5	0	0	360	8870	0	0	0	588	0	221	0	0	0	0	0	3855	0	0
r2_58	7	0	0	62	0	0	0	0	74	0	49	45	0	0	0	0	0	0	0	33	0	2	1	0	0	0	0	0	12	0	0	0	0	0	0	1	0	0	3	4	65	0	0	0	0	0	0	0	0	0	0	387	0	0	0	0	0	0	0	0	0	0	0	0	0	0	0	0	0	0	2	0	24	0	0	0	0	0	9	0	0	12	356	0	0	0	5	0	10	0	0	0	0	0	32	26	0
r2_59	241	0	7	4	0	0	0	0	4429	0	5956	1	0	0	0	0	0	1	0	1	0	14	0	0	1	0	0	19	2426	0	0	0	0	0	0	0	0	0	7	0	2014	27	0	0	1	0	0	0	0	0	0	15524	12	0	1	0	0	0	0	0	0	0	0	0	0	0	0	0	0	2	0	0	1043	0	0	0	0	1	8	0	0	251	10519	0	0	0	683	0	55	0	0	0	0	0	3382	0	0
r2_6	762	0	19	4	0	0	0	0	13452	0	1589	5	0	0	0	0	0	3	0	2	0	295	29	0	0	1	0	12	842	0	0	0	0	0	0	0	1	0	2	0	3441	10	0	0	0	0	0	0	0	0	0	16125	10	0	13	0	0	0	4	0	0	0	0	0	0	12	0	0	0	108	0	0	1773	0	0	0	0	0	3	0	0	294	15043	0	0	0	235	0	263	0	0	0	0	0	2662	1	0
r2_60	1842	8	31	16	0	0	0	0	9356	0	15716	12	0	0	0	0	0	5	0	9	2	174	10	0	5	10	0	86	18038	0	0	0	0	0	0	0	3	0	49	6	11864	303	0	0	0	0	0	0	0	0	0	54598	2	0	5	0	0	1	23	0	0	0	0	0	0	0	0	0	0	86	0	0	2777	0	0	0	0	5	31	0	0	848	53749	0	0	1	3124	0	50	0	0	1	0	0	5339	3	0
r2_61	1447	2	3	7	0	0	0	0	21858	0	1941	5	0	0	0	0	0	3	0	3	8	35	0	0	1	0	0	38	2480	0	0	0	0	0	0	0	2	0	33	6	4022	47	0	0	0	0	0	0	0	0	0	35844	9	0	0	0	0	0	14	0	0	0	0	0	0	0	6	1	0	37	0	0	4373	0	0	0	0	3	13	1	0	761	24509	0	0	0	4116	0	235	0	0	0	0	0	1673	2	0
r2_63	1915	2	28	11	0	0	0	1	14620	0	4957	6	0	0	0	0	0	6	0	6	1	51	0	0	0	2	1	25	4277	0	0	0	0	0	0	0	1	0	14	4	3555	40	0	0	0	0	0	0	0	0	0	34947	0	0	2	0	0	0	32	0	0	0	0	0	0	0	0	0	0	29	0	0	3416	0	0	0	0	3	13	0	0	678	24153	0	0	0	3879	0	214	0	0	0	0	0	2502	5	0
r2_64	574	1	31	6	0	0	0	4	3530	0	11080	5	0	0	0	0	0	9	0	2	7	51	4	0	3	3	0	77	11324	1	0	0	0	0	0	0	0	0	51	4	8055	237	0	0	0	0	0	0	0	0	0	39702	6	0	11	0	0	0	11	0	0	0	0	0	0	0	0	0	0	33	0	0	899	0	0	0	0	3	15	0	0	417	20871	0	0	0	5074	0	13	0	0	0	0	0	228	11	0
r2_65	929	3	15	37	0	0	0	3	6677	0	8482	20	0	0	0	0	0	4	0	15	3	57	1	0	0	0	0	33	3677	0	0	0	0	0	0	0	0	0	2	1	3156	57	0	0	0	0	0	0	0	0	0	28948	20	0	2	0	0	0	10	0	0	0	0	0	0	0	0	0	0	28	0	0	1016	0	0	0	0	2	20	0	0	295	14015	0	0	0	1746	0	89	0	0	0	0	0	1881	5	0
r2_66	742	0	15	6	0	0	0	0	16392	1	2803	3	0	0	0	0	0	2	0	4	0	34	0	0	0	1	0	24	1624	0	0	0	0	0	0	0	2	0	0	0	2699	29	0	0	0	0	0	0	0	0	0	26932	4	0	37	0	0	0	9	0	0	0	0	0	0	0	0	0	0	15	0	0	2209	0	0	0	0	0	6	0	0	451	14952	0	0	0	505	0	197	0	0	0	0	0	2519	0	0
r2_67	592	1	11	7	0	0	0	3	6610	0	4572	3	0	0	0	0	0	2	0	1	1	28	11	0	0	2	0	28	4114	0	0	0	0	0	0	0	0	0	2	1	2657	54	0	0	0	0	0	0	0	0	0	22223	177	0	22	0	0	0	1	0	0	0	0	0	0	0	0	0	0	18	0	0	1156	0	0	0	1	1	10	1	0	149	11406	0	0	0	934	0	50	0	0	0	0	0	4123	0	0
r2_68	1378	0	21	4	0	0	0	0	5352	0	3771	4	0	0	0	0	0	1	0	1	0	96	16	0	0	1	0	30	3721	0	0	0	1	0	0	0	1	0	7	2	2535	70	0	0	0	0	0	0	0	0	0	26420	45	0	2	0	0	0	13	0	0	0	0	0	0	1	0	0	0	34	0	0	1473	0	0	0	0	1	6	0	0	398	13531	0	0	0	1293	0	45	0	0	0	0	0	1907	0	0
r2_7	54	0	3	37	0	0	0	0	930	0	240	27	0	0	0	0	0	1	0	30	0	6	1	0	0	0	0	2	118	0	0	0	0	0	0	0	1	0	3	1	116	1	0	0	0	0	0	0	0	0	0	1689	4	0	2	0	0	0	2	0	0	0	0	0	0	0	0	0	0	11	1	0	97	0	0	0	0	0	6	0	0	23	1439	0	0	0	338	0	7	0	0	0	0	0	308	12	0
r2_8	416	1	31	6	0	0	0	0	8685	0	1529	2	0	0	0	0	0	8	0	6	1	41	328	0	0	0	0	21	1127	0	0	0	0	0	0	0	0	0	2	6	2483	16	0	1	0	0	0	0	0	0	0	21448	33	0	1	0	0	0	9	0	0	0	0	0	0	0	0	0	0	152	0	0	1258	0	0	0	0	0	6	0	0	176	11886	0	0	0	7474	0	156	0	0	0	0	0	4606	1	0
r2_9	0	0	0	0	0	0	0	0	1	0	0	0	0	0	0	0	0	0	0	0	0	0	0	0	0	0	0	0	0	0	0	0	0	0	0	0	0	0	0	0	3	0	0	0	0	0	0	0	0	0	0	3	0	0	0	0	0	0	0	0	0	0	0	0	0	0	0	0	0	0	0	0	0	0	0	0	0	0	0	0	0	0	1	0	0	0	0	0	0	0	0	0	0	0	0	0	0
r2_B1	2	3	8	39	0	0	3	0	15046	0	32	25	0	0	0	0	0	3	0	19	0	93	213	0	0	20	0	41	3307	1	0	0	0	0	0	457	0	0	247	1	5639	36	0	0	0	1	0	0	1	0	0	39665	162	0	0	0	0	0	6	0	0	0	0	0	0	0	0	0	0	101	0	0	2026	0	0	0	0	1	13	0	0	1436	8747	0	1	0	1040	0	277	0	0	0	0	0	43	6666	0
r2_B10	3	0	37	11	0	0	0	0	11482	0	2903	4	0	0	0	0	0	0	0	7	1	682	2	0	0	18	0	44	2806	4	0	0	0	0	0	246	0	0	1	1	1130	35	0	0	0	2	0	0	0	0	0	21891	213	0	0	0	0	1	3	0	0	0	0	0	0	0	0	0	0	140	0	0	2064	0	0	0	0	3	9	0	0	35	7076	0	0	1	2804	0	5	0	0	0	0	0	7	1935	0
r2_B11	2	0	11	8	0	0	0	2	9079	0	1125	4	0	0	0	0	0	1	0	2	0	78	1	0	0	0	0	13	416	0	0	0	0	0	0	159	0	0	0	8	723	4	0	0	0	0	0	0	0	0	0	11809	8	0	1	0	0	0	2	0	0	0	0	0	1	0	1	0	0	19	0	0	866	0	0	0	0	0	2	0	0	6	6274	0	0	0	5114	0	219	0	0	0	0	0	10	10	0
r2_B12	2	0	21	6	0	0	0	1	17379	1	777	7	0	0	0	0	0	4	0	3	0	73	47	1	0	1	0	15	959	0	0	0	0	0	0	218	2	0	0	5	3215	1	0	0	0	0	0	0	0	0	0	33368	6	0	0	0	0	0	11	0	0	0	1	0	0	0	47	0	0	147	0	0	992	0	0	0	1	2	5	0	0	19	9746	0	0	0	3297	0	786	0	0	0	0	0	57	18	0
r2_B13	5	0	16	19	0	0	0	4	17712	1	365	18	0	0	0	0	0	13	0	21	1	16	31	0	0	6	0	30	1287	1	0	0	0	0	0	439	1	0	1	1	2334	15	0	0	0	0	0	0	0	0	0	28984	12	0	0	0	0	0	14	0	0	0	0	0	0	0	7	0	0	12	0	0	3277	0	0	0	0	7	7	1	0	1547	12111	0	0	0	649	0	453	0	0	0	0	1	24	3151	0
r2_B14	4	0	10	38	0	0	1	2	15300	0	401	22	0	0	0	0	0	4	0	17	0	16	85	0	0	1	0	18	2325	0	0	0	0	0	0	263	1	0	2	2	7353	0	0	0	0	0	0	0	0	0	0	41167	94	0	0	0	0	0	10	0	0	0	0	0	0	0	2	0	0	42	0	0	1030	0	0	1	1	0	14	0	0	40	8279	0	0	0	1010	0	546	0	0	0	0	0	118	342	0
r2_B15	3	1	8	33	0	0	0	5	23267	1	405	10	0	0	0	0	0	4	0	10	1	31	42	0	0	6	1	16	2525	0	0	0	0	0	0	164	1	0	2	2	6968	3	0	0	0	0	0	0	0	0	0	45604	34	0	0	0	0	0	10	0	0	0	1	0	0	0	6	0	0	21	0	0	1322	0	0	0	0	0	9	0	0	68	11730	0	0	0	2507	0	445	0	0	0	0	0	113	449	0
r2_B16	2	0	13	25	0	0	0	8	11928	0	512	11	0	0	0	0	0	15	0	10	0	10	44	0	0	6	1	26	1556	3	0	0	0	0	0	289	0	0	0	2	2690	16	0	0	0	0	0	0	0	0	0	33913	25	0	1	0	2	0	13	0	0	0	0	0	0	0	4	0	0	26	0	0	2043	0	0	0	0	6	11	0	0	908	9152	0	0	0	604	0	296	0	0	0	0	0	20	2841	0
r2_B17	1	1	2	10	0	0	0	1	18650	0	222	5	0	0	0	0	0	5	0	10	4	11	8	0	0	0	0	10	286	0	0	0	0	0	0	142	1	0	2	5	2186	5	0	1	0	0	0	0	0	0	0	23094	0	1	0	0	0	0	4	0	0	0	0	0	0	0	42	0	0	2	0	0	2096	0	0	0	0	0	5	0	0	390	7161	0	0	0	6187	0	331	0	0	1	0	0	269	681	0
r2_B18	5	1	6	13	0	0	0	0	16100	0	719	14	0	0	0	0	0	4	0	11	0	24	72	0	0	0	0	32	895	0	1	0	0	0	0	184	1	0	1	2	2292	9	0	0	0	0	0	0	1	0	0	19253	79	0	0	0	0	0	6	0	0	0	0	0	0	0	0	0	0	25	0	0	1539	0	0	0	0	9	5	0	0	505	12355	0	0	0	2159	0	768	0	0	0	0	0	41	1329	0
r2_B19	2	1	2	12	0	0	0	2	19062	0	383	11	0	0	0	0	0	0	0	7	0	33	11	0	0	5	0	32	1024	0	0	0	0	0	0	458	0	0	0	2	1443	13	0	0	0	0	0	0	0	0	0	26860	11	0	0	0	0	0	7	0	0	0	0	0	0	0	1	0	0	5	0	0	1758	0	0	0	0	3	3	0	0	595	10305	0	0	0	2091	0	325	0	0	0	0	0	32	2733	0
r2_B2	4	1	9	8	0	0	0	0	18786	0	40	8	0	0	0	0	0	1	0	11	0	229	63	0	0	7	0	63	2105	1	0	0	0	0	1	731	1	0	455	8	2578	25	0	0	0	0	0	1	1	0	0	29129	58	0	0	0	0	0	8	0	0	0	0	0	0	0	0	0	0	25	0	0	2741	0	0	0	0	1	4	0	0	2375	11220	0	0	0	2854	0	312	0	0	0	0	0	23	4858	0
r2_B20	12	0	5	5	0	0	0	1	943	0	297	0	0	0	0	0	0	0	0	2	0	47	185	0	0	2	1	9	792	1	0	0	0	0	0	19	0	0	12	0	963	3	0	0	0	0	0	0	0	0	0	7610	90	0	0	0	0	0	8	1	0	0	0	0	0	0	0	0	0	63	0	0	64	0	0	0	0	3	3	0	0	43	3599	0	0	0	219	0	29	0	0	0	0	0	6	712	0
r2_B21	30	0	9	8	0	0	0	1	2687	0	567	10	0	0	0	0	0	0	0	6	0	119	510	0	0	1	0	15	1196	1	0	0	0	0	0	31	1	0	9	0	1696	1	0	0	0	0	0	0	0	0	0	18866	136	0	1	0	1	0	3	0	0	0	0	1	0	0	0	0	0	216	0	0	213	0	0	0	0	3	3	0	0	135	7444	0	0	1	654	0	57	0	0	0	0	0	22	1268	0
r2_B22	20	1	6	5	0	0	0	0	1431	0	521	2	0	0	0	0	0	0	0	3	0	115	493	0	0	3	1	17	1052	0	0	0	0	0	0	29	0	0	2	1	1306	2	0	0	0	0	0	0	0	0	0	15140	160	0	0	0	3	0	8	0	0	0	0	0	0	0	0	0	0	187	0	0	89	0	0	0	0	1	1	0	0	103	4954	0	0	0	611	0	44	0	0	0	0	0	14	831	0
r2_B23	35	2	4	15	0	0	0	0	1894	0	888	13	0	0	0	0	0	0	0	11	0	131	594	0	0	3	0	10	1433	0	0	0	0	1	0	41	1	1	8	1	1695	1	0	0	0	1	0	0	0	0	0	17511	147	0	0	0	0	0	6	0	0	0	0	0	0	0	0	0	0	261	0	1	143	0	0	0	0	0	11	0	0	147	7826	0	0	0	953	0	69	0	0	0	0	0	16	1198	0
r2_B24	90	1	12	10	0	0	0	0	16732	0	294	2	0	0	0	0	0	0	0	0	0	23	27	0	0	1	0	29	636	0	0	0	0	0	0	381	0	0	1	9	943	6	0	0	0	0	0	0	0	0	0	18461	28	0	2	0	1	0	8	0	0	0	0	0	0	0	0	0	0	8	0	0	2532	0	0	0	0	1	4	0	0	887	11100	0	0	0	3645	0	417	0	0	0	0	0	30	3555	0
r2_B25	15	1	6	5	0	0	0	0	13219	1	485	5	0	0	0	0	0	0	0	5	0	40	0	0	0	1	0	16	777	0	0	0	0	0	2	260	0	0	0	3	1563	6	0	0	0	2	0	0	1	0	0	20754	6	1	2	0	0	0	9	0	0	0	0	0	0	0	0	0	0	1	0	0	2044	1	0	1	0	1	7	0	0	877	15000	0	0	0	1615	0	729	0	0	1	0	0	20	2793	0
r2_B26	15	1	8	10	0	0	0	0	8544	0	955	7	0	0	0	0	0	0	0	8	0	48	4	0	0	3	0	27	960	1	0	0	0	0	1	92	1	0	1	1	1182	13	0	0	0	2	0	0	0	0	0	29764	6	0	3	0	0	0	13	0	0	0	0	0	0	0	0	0	1	3	0	0	1181	0	0	0	0	0	8	0	0	448	14511	0	0	0	798	0	675	0	0	0	0	0	38	2811	0
r2_B27	5	1	5	8	0	0	0	0	12205	0	525	4	0	0	0	0	0	4	0	8	0	60	121	0	0	5	0	10	997	5	0	0	0	0	0	115	0	0	2	2	5700	5	0	0	0	0	0	0	0	0	0	30897	16	0	0	0	0	0	33	0	0	0	0	3	0	0	18	0	0	37	0	0	1788	1	0	0	0	1	3	0	0	481	11447	0	0	1	654	0	597	0	0	0	0	0	49	2482	0
r2_B28	0	2	4	2	0	0	0	0	9635	0	4	4	0	1	0	0	0	1	0	2	6	23	0	0	0	0	0	7	582	0	0	0	0	0	0	175	0	0	1	5	1409	0	0	0	0	0	0	0	0	0	0	9668	39	0	0	0	0	0	2	0	0	0	0	0	0	0	0	0	0	0	0	0	1444	0	0	0	0	1	7	0	0	333	5643	0	0	0	4333	0	527	0	0	0	0	0	15	208	0
r2_B29	1	0	5	13	0	0	0	0	9736	0	21	6	0	0	0	0	0	2	0	8	0	65	0	0	0	0	0	15	844	0	0	0	0	0	0	140	0	0	1	3	2172	0	0	1	0	0	0	0	0	0	0	11907	155	0	0	0	0	0	5	0	0	0	0	0	0	0	0	0	0	1	0	0	1400	0	0	0	0	0	3	0	0	203	6584	0	0	0	2749	0	380	0	0	0	0	0	31	282	0
r2_B3	4	1	11	11	0	0	0	2	13738	0	290	4	0	0	0	0	0	1	0	8	2	188	4	0	0	1	0	24	827	0	0	0	0	0	1	411	0	0	4	7	1264	19	0	0	0	0	0	0	0	0	0	21453	36	0	1	0	0	0	4	0	0	0	0	0	0	0	1	0	0	7	0	0	1364	0	0	0	0	3	9	0	0	334	8197	0	0	0	4454	0	137	0	0	0	0	0	12	1160	0
r2_B30	0	0	0	20	0	1	1	0	21679	1	64	13	0	0	1	0	0	2	0	11	2	77	0	0	0	0	1	29	1249	0	0	0	0	0	0	343	0	0	2	6	4034	5	0	1	0	0	0	1	0	0	0	25003	139	0	0	1	0	3	17	0	0	0	0	0	0	0	0	0	0	2	0	1	2062	0	0	0	0	0	6	0	0	461	11597	1	0	0	3137	0	1051	0	0	0	0	0	28	1242	1
r2_B31	1	1	2	16	0	0	0	0	20081	0	58	7	0	0	0	0	0	3	0	8	0	26	0	0	0	1	0	36	1075	0	0	0	0	0	1	573	0	0	2	2	2585	14	0	0	0	0	0	0	0	0	0	21401	132	0	0	0	0	0	4	0	0	0	0	0	0	0	0	1	0	7	0	0	2184	0	0	0	0	4	9	0	0	555	8200	0	0	0	3422	0	868	0	0	0	0	0	12	2556	0
r2_B32	0	1	4	13	0	0	0	0	15210	0	1391	10	0	0	0	0	0	0	0	11	0	45	0	0	0	0	0	42	2881	1	0	0	0	0	0	112	0	0	2	0	10715	26	0	0	0	0	0	0	0	0	0	14151	10	0	0	0	0	0	11	0	0	0	0	0	0	0	0	0	0	21	0	0	1622	0	0	0	0	2	13	0	0	546	8839	0	0	1	501	0	260	0	0	0	0	0	7	4122	0
r2_B33	2	3	0	7	0	0	0	0	13512	0	436	4	0	0	0	0	0	0	0	7	0	35	0	0	0	1	0	10	934	0	0	0	0	0	0	229	0	0	0	1	3622	9	0	0	0	0	0	0	0	0	0	9649	18	0	0	0	0	0	3	0	0	1	0	0	0	0	0	0	0	24	0	0	1570	0	0	0	0	3	7	0	0	413	4803	0	0	0	265	0	337	0	0	0	0	0	6	2021	0
r2_B34	0	1	0	7	0	0	0	0	9796	0	1012	3	0	0	0	0	0	2	0	3	0	19	0	0	0	0	0	20	1695	0	0	0	0	0	0	56	0	0	0	0	5233	22	0	0	0	0	0	0	0	0	0	5877	8	0	0	0	0	0	11	0	0	0	0	0	0	0	0	0	0	10	0	0	1316	0	0	0	0	2	4	1	0	402	5321	0	0	1	312	0	107	1	0	0	0	0	4	2576	0
r2_B35	2	1	0	5	0	0	0	0	11440	0	1912	4	0	0	0	0	0	0	0	3	0	22	0	0	0	1	0	3	829	0	0	0	0	0	1	134	0	0	6	0	2725	6	0	0	0	0	0	0	0	0	0	23165	28	0	0	0	0	0	7	0	0	0	0	0	0	0	0	0	0	197	0	0	1405	0	0	0	0	0	9	0	0	239	6647	0	0	0	1811	0	314	0	0	1	0	0	22	1049	0
r2_B36	1	1	2	5	0	0	0	0	14085	0	339	3	0	0	0	0	0	2	1	3	0	74	7	0	0	0	0	3	1109	0	0	0	0	0	0	229	0	0	592	1	925	1	0	0	0	0	0	0	0	0	0	20066	33	0	0	0	0	0	14	0	0	0	0	0	0	0	0	0	0	17	0	0	1016	0	0	0	0	0	5	0	0	105	6516	0	0	0	1624	0	207	0	0	0	0	0	25	6	0
r2_B37	2	2	2	5	0	0	0	0	12354	0	384	3	0	0	0	0	1	2	0	0	0	45	11	0	0	2	0	1	1141	0	0	0	0	0	0	224	0	0	552	3	817	0	0	0	0	0	0	0	0	0	0	16546	36	0	0	0	0	0	10	0	0	0	0	0	0	0	0	0	0	13	0	0	999	0	0	0	0	0	4	0	0	103	5961	0	0	0	1449	0	203	0	0	0	0	0	26	0	0
r2_B38	0	0	1	6	0	0	0	0	11733	0	437	12	0	1	0	0	0	2	0	4	1	49	8	0	0	1	0	2	1004	0	0	0	0	0	0	155	0	0	551	5	734	0	0	0	0	0	0	0	0	0	0	15114	42	0	0	0	0	0	9	0	0	0	0	0	0	0	0	0	0	12	0	0	766	0	0	0	0	0	6	0	0	65	5544	0	0	0	1229	0	124	0	0	0	0	0	28	0	0
r2_B39	0	1	2	4	0	0	0	2	17833	0	364	9	0	0	0	0	0	3	0	4	0	56	9	0	0	2	0	7	1147	0	0	0	0	0	0	257	0	0	727	7	1029	2	0	0	0	0	0	0	0	0	0	21884	52	0	1	0	1	0	20	0	0	0	0	0	0	0	0	0	0	15	0	0	1327	0	0	0	0	0	1	0	0	120	6740	0	0	0	2030	0	235	0	0	0	0	0	39	1	0
r2_B4	34	1	37	19	0	0	0	1	33791	0	664	13	0	0	0	0	0	3	0	9	11	800	10	0	0	57	0	85	1960	1	0	0	0	0	0	1137	2	0	10	14	2640	36	0	0	0	2	0	0	2	0	0	34262	44	0	2	0	0	0	10	0	0	0	0	0	0	0	4	0	0	10	0	0	3886	0	0	0	0	0	18	1	0	580	15558	0	0	0	12634	0	314	0	0	0	0	0	27	3392	0
r2_B40	11	1	0	5	0	0	0	0	17068	0	169	4	0	0	0	0	0	3	0	3	0	119	57	0	0	1	0	10	571	0	0	0	0	0	1	528	0	0	114	11	624	3	0	0	0	0	0	0	0	0	0	17836	9	0	0	0	0	0	16	0	0	0	0	0	0	0	0	0	0	45	0	0	2411	0	0	0	0	0	6	0	0	901	6853	0	0	0	2317	0	577	0	0	0	0	0	22	1	0
r2_B41	11	1	4	5	0	0	0	0	19866	0	179	6	0	0	0	0	0	3	0	7	0	144	68	0	0	0	0	19	591	1	1	0	0	0	1	596	0	0	142	12	605	0	0	0	0	0	0	0	0	0	0	20525	25	0	0	0	0	0	12	0	0	0	0	0	0	0	0	0	0	47	0	0	2457	0	0	0	0	1	7	0	0	1035	9136	0	0	0	2634	0	619	0	0	0	0	0	18	2	0
r2_B42	27	2	0	8	0	0	0	0	13709	0	185	6	0	0	0	1	0	1	0	2	0	81	10	0	0	1	0	3	722	1	0	0	0	0	1	372	2	0	2	3	288	0	0	0	0	0	0	0	0	0	1	24431	6	0	0	0	0	0	2	0	0	0	0	0	0	0	0	1	0	25	0	0	1603	0	0	0	0	3	10	0	0	523	9082	0	0	0	842	0	559	0	1	0	0	0	14	79	0
r2_B43	44	4	4	9	0	0	0	1	14839	0	241	6	0	0	0	0	0	3	0	2	0	704	6	0	0	0	0	11	1868	3	0	0	0	0	0	251	1	0	56	5	378	8	0	0	0	0	0	0	0	0	0	25102	36	0	0	0	0	0	2	0	0	0	0	0	0	0	0	0	0	224	0	0	1124	0	0	0	0	2	9	0	0	782	7599	0	0	0	3387	0	242	0	0	0	0	0	11	620	0
r2_B44	102	2	2	11	0	0	0	1	19215	1	277	13	0	0	0	0	0	3	0	10	0	645	1	0	0	2	0	19	2281	2	0	0	0	0	0	349	0	0	68	1	555	6	0	0	0	0	0	0	1	0	0	22956	49	0	1	0	0	0	7	0	0	0	0	0	0	0	0	0	0	130	0	0	1392	0	0	0	0	0	13	0	0	1129	8607	0	0	0	3865	0	243	0	0	0	0	0	9	750	0
r2_B45	100	0	11	12	0	0	0	0	12618	0	155	11	0	0	0	0	0	2	0	16	0	325	157	0	0	5	0	19	1138	0	0	0	0	0	0	145	0	0	4	2	540	4	0	0	0	0	0	0	0	0	0	24699	190	0	0	0	0	0	7	0	0	0	0	0	0	0	0	0	0	110	0	0	1218	0	0	0	0	0	12	0	0	719	12821	0	0	0	1513	0	419	0	0	0	0	0	26	2655	0
r2_B46	107	4	27	15	0	0	0	1	9694	0	424	10	0	0	0	0	0	8	0	10	0	584	530	0	1	3	0	20	2286	2	0	0	0	0	0	134	2	0	4	5	832	16	0	0	0	1	0	0	0	0	0	52483	504	0	0	0	0	0	16	0	0	0	0	0	0	0	0	0	0	272	0	0	1035	0	0	0	0	2	21	0	0	634	18275	0	0	0	2547	0	451	0	0	0	0	0	61	5094	0
r2_B47	20	0	5	12	0	0	0	0	34447	1	276	9	0	0	0	0	0	4	0	6	0	165	276	0	0	6	0	137	759	5	0	0	1	0	3	2004	1	0	0	6	2308	79	0	0	0	0	0	0	0	0	0	15078	77	0	0	0	0	0	5	0	0	0	0	0	0	0	0	0	0	513	0	0	6328	0	0	0	0	9	8	0	0	2991	12262	0	0	0	2837	0	1977	0	0	0	0	0	19	6811	0
r2_B5	57	0	51	19	0	0	0	0	32498	0	1533	19	0	0	0	0	0	3	0	19	1	453	3	0	0	2	0	113	1503	1	0	0	0	0	0	1061	1	0	4	16	2148	55	0	0	0	2	0	0	2	0	0	42155	23	0	2	0	0	0	18	0	0	0	0	0	0	0	9	0	0	1	0	0	3611	0	0	0	0	5	18	0	0	185	16994	0	0	0	16554	0	441	1	0	0	0	0	65	2543	0
r2_B6	16	0	60	11	0	0	0	3	22560	0	1893	7	0	0	0	0	0	0	0	6	2	536	1	0	0	0	0	67	1653	1	0	0	0	0	0	1101	2	0	2	21	1522	36	0	1	0	1	0	0	1	0	0	30251	51	0	2	0	0	0	15	0	0	0	0	0	0	0	9	1	0	2	0	0	3126	0	0	0	0	2	12	0	0	85	13214	0	0	0	20729	0	181	0	0	0	0	0	28	4497	0
r2_B7	15	1	47	9	0	0	0	0	18718	0	2113	7	0	0	0	0	0	1	0	3	0	408	3	0	0	10	0	108	1897	0	0	0	0	0	0	965	0	1	1	21	1195	60	0	0	0	3	0	0	1	0	0	19942	103	0	0	0	1	0	6	0	0	0	0	0	0	0	5	0	0	1	0	0	2641	1	0	0	0	0	5	0	0	114	11824	0	0	1	18295	0	132	0	0	0	0	0	49	3970	0
r2_B8	17	2	48	6	0	0	0	1	21513	0	1578	6	0	0	0	0	0	0	0	9	2	607	2	0	0	2	0	36	774	0	0	0	0	0	0	703	0	0	0	16	1136	27	0	0	0	4	0	0	0	0	0	25517	122	0	4	0	0	0	4	0	0	0	0	0	0	0	4	0	0	11	0	0	2448	0	0	0	1	0	7	0	0	41	9807	0	0	0	13570	0	178	0	0	0	0	0	49	993	0
r2_B9	12	1	41	14	0	0	0	0	20787	0	2644	10	0	0	0	0	0	0	0	7	0	586	1	0	0	1	0	40	1469	3	0	0	0	0	0	896	0	0	321	28	1223	19	0	0	0	2	0	0	0	0	0	28432	111	0	7	0	1	0	3	0	0	0	0	0	0	0	9	0	0	8	0	0	3165	0	0	0	11	3	8	1	0	108	13591	0	0	0	16288	0	233	0	0	0	0	0	34	1428	0
r2_C1	2	1	202	27	0	1	0	42	3945	0	15	25	0	0	0	0	0	12	0	18	0	168	33	1	0	46	0	34	3293	6	0	0	0	0	0	0	1	0	181	4	4958	21	0	0	0	1	0	0	9	0	0	47716	13	0	2	0	0	0	47	0	0	0	0	0	0	0	1	49	0	1116	0	0	839	2	0	1	0	0	13	0	0	1185	21899	0	0	4	3312	0	207	0	0	0	0	1	25	8	0
r2_C10	0	1	29	24	0	0	0	7	10267	0	52	18	0	0	0	0	0	1	0	17	1	25	4	0	0	2	0	10	586	1	0	0	0	0	0	0	0	0	46	9	873	15	0	0	0	0	0	0	0	0	0	21430	7	0	97	0	0	0	5	0	0	0	0	0	0	0	6	378	0	250	0	0	953	1	0	0	2	1	5	0	0	488	7298	0	0	2	3506	0	11	0	0	0	0	0	278	7	0
r2_C11	0	0	16	10	0	0	0	14	7000	0	13	3	0	0	0	0	2	3	0	3	1	31	3	0	0	6	0	9	723	0	0	0	1	0	0	0	1	0	150	6	817	12	0	0	0	0	0	0	0	0	0	17434	12	0	115	0	0	0	5	0	0	0	0	0	0	0	2	243	0	258	1	0	679	0	0	0	0	0	3	0	0	416	6651	0	0	2	2119	0	6	0	0	0	0	0	207	0	0
r2_C12	2	1	9	26	0	0	0	4	1555	0	17	23	0	0	0	0	0	2	0	17	0	308	0	0	1	0	0	9	1012	1	0	0	0	0	0	0	0	0	10	1	711	3	0	0	0	0	0	0	0	0	0	15946	168	0	57	0	0	0	2	0	0	0	0	0	0	0	0	7	0	200	0	0	118	0	0	0	0	0	7	0	0	313	3990	0	0	0	1676	0	44	0	0	0	0	0	148	9	0
r2_C13	0	0	7	18	0	0	0	2	349	0	17	12	0	0	0	0	0	1	0	8	0	252	2	0	0	0	0	5	439	1	0	0	0	0	0	0	0	0	3	0	322	1	0	0	0	0	0	0	0	0	0	7574	14	0	24	0	0	0	1	0	0	0	0	0	0	0	1	2	0	51	0	0	60	0	0	0	0	0	4	0	0	127	2052	0	0	0	139	0	23	0	0	0	0	0	19	1	0
r2_C14	1	1	24	12	0	0	0	2	1227	0	8	14	0	0	0	0	0	1	0	6	0	25	2	0	1	1	0	5	531	1	0	0	0	0	0	0	0	0	9	9	910	4	0	0	0	0	0	0	0	0	0	14414	6	0	45	0	0	0	11	0	0	0	0	0	0	0	0	0	0	177	0	0	296	1	0	0	0	0	4	0	0	374	5404	0	0	1	4728	0	61	0	0	0	0	0	32	3	0
r2_C15	1	1	45	14	0	0	0	3	2565	0	8	10	0	0	0	0	0	3	0	18	0	21	7	0	0	2	0	24	1384	3	0	0	0	0	0	0	0	0	13	3	2070	12	0	0	0	0	0	0	0	0	0	22243	9	0	15	0	0	0	2	0	0	0	0	0	0	0	0	6	0	348	1	0	324	0	0	0	0	0	7	1	0	1504	10955	0	0	2	1224	0	123	0	0	0	0	0	13	4	0
r2_C16	1	0	4	0	0	0	0	2	869	0	1	3	0	0	0	0	0	1	0	4	0	132	15	0	0	4	0	1	240	0	0	0	0	0	0	0	0	0	4	0	679	4	0	0	0	0	0	0	1	0	0	6619	2	0	1	0	0	0	3	0	0	0	0	0	0	0	0	28	0	62	0	0	107	6	0	0	4	0	1	0	0	286	2237	0	0	1	419	0	16	0	0	0	0	0	12	3	0
r2_C17	0	0	25	0	0	0	0	5	643	0	455	3	0	0	0	0	0	3	0	2	2	9	7	0	0	4	0	7	436	1	0	0	0	0	0	0	0	0	12	3	556	3	0	0	0	0	0	0	0	0	0	14369	117	0	0	0	0	0	4	0	0	0	0	0	0	0	0	1	0	139	0	0	50	0	0	0	0	0	1	0	0	177	3571	0	0	0	1981	0	5	0	0	0	0	0	19	2	0
r2_C18	0	0	37	5	0	0	0	7	766	0	863	3	0	0	0	0	0	3	0	4	1	7	9	1	1	74	0	18	491	16	0	0	0	0	0	0	1	0	2356	13	788	5	0	0	0	0	0	0	7	0	0	26245	170	0	0	0	0	0	11	0	0	0	1	1	0	0	0	8	0	122	0	0	166	9	0	0	0	0	4	0	0	207	6520	0	0	2	4362	0	17	0	0	0	0	0	31	2	0
r2_C19	0	0	35	3	0	0	0	7	81	0	1241	3	0	0	0	0	0	1	0	4	0	17	36	0	0	1	1	15	588	2	0	0	0	0	0	0	0	0	1	5	2625	35	0	0	0	0	0	0	0	0	0	17841	53	0	6	0	1	0	13	0	0	0	0	0	0	0	0	0	0	307	0	0	25	0	0	0	0	0	5	0	0	15	2210	0	0	3	1213	0	18	0	0	0	0	0	2	0	0
r2_C2	5	0	222	23	0	0	0	47	6099	0	17	20	0	0	0	0	1	5	0	18	0	232	24	0	0	227	0	41	3510	6	0	0	0	0	0	0	0	0	168	3	5523	11	0	0	0	1	0	0	22	0	0	33540	9	0	0	0	0	0	37	0	0	0	0	0	0	0	0	528	0	728	0	1	1808	29	0	0	0	0	10	0	0	983	15478	0	0	5	1932	0	320	0	0	1	0	0	89	8	0
r2_C20	0	0	68	8	0	0	0	7	1045	0	3438	16	0	0	0	0	0	3	0	15	0	40	122	0	0	7	0	48	1862	3	0	0	1	0	0	0	1	0	35	5	8253	100	0	0	0	1	0	0	0	0	0	31835	73	0	13	0	0	0	13	0	0	0	0	0	0	0	0	0	0	687	1	1	288	0	0	0	0	0	6	0	0	270	8716	0	0	8	2312	0	143	0	0	0	0	0	16	3	0
r2_C21	7	1	28	32	0	0	0	1	2120	0	577	26	0	0	0	0	0	1	0	16	0	11	807	0	0	9	0	14	793	4	0	0	0	0	0	3	0	0	417	3	1310	12	0	0	0	2	0	0	0	0	0	25824	3	0	1	0	0	0	4	0	0	0	0	0	0	0	0	2	0	1028	0	0	158	1	0	0	0	0	9	0	0	215	12045	0	0	2	843	0	39	0	0	0	0	0	80	5	0
r2_C22	3	0	28	9	0	0	0	6	3048	0	137	9	0	0	0	0	0	4	0	1	1	53	28	0	0	7	0	24	980	3	0	0	0	0	0	0	2	0	113	1	2064	12	0	0	0	3	0	0	0	0	0	29022	32	0	1	0	0	0	13	0	0	0	0	0	0	0	1	0	0	345	0	1	203	0	0	0	0	0	4	0	0	750	16062	0	0	2	1442	0	119	0	0	0	0	0	196	1	0
r2_C23	2	0	30	16	0	0	0	10	3022	0	999	7	0	0	0	0	0	6	0	11	0	96	31	0	0	8	0	8	842	2	0	0	0	0	0	0	0	0	719	4	1564	13	0	0	0	2	0	0	0	0	0	29682	19	0	0	0	0	0	22	0	0	0	0	0	0	0	1	1	0	369	0	0	357	0	0	0	1	0	8	0	0	932	12849	0	0	4	3083	0	141	0	0	0	0	0	473	9	0
r2_C24	0	1	24	9	0	0	0	4	2712	0	176	7	0	0	0	0	0	6	0	3	0	22	5	0	0	13	0	15	360	1	0	0	0	0	0	0	0	0	175	3	554	5	0	0	0	0	0	0	0	0	0	19549	77	0	1	0	0	0	18	0	0	0	0	1	0	0	2	2	0	108	0	0	166	1	0	0	1	0	7	0	0	311	8123	0	0	3	1835	0	153	0	0	0	0	0	190	3	0
r2_C25	16	1	5	100	0	0	0	1	646	0	145	74	0	0	0	0	0	0	0	50	0	7	14	0	0	1	0	6	208	1	0	0	0	0	0	2	0	0	25	1	248	1	0	0	0	0	0	0	0	0	0	5728	1	0	0	0	0	0	0	0	0	0	0	1	0	0	0	1	0	44	1	0	53	0	0	1	0	0	20	1	0	114	3034	0	0	0	202	0	22	0	0	0	0	0	53	29	0
r2_C26	0	0	13	6	0	0	0	3	2403	0	1195	6	0	0	0	0	0	3	0	1	3	29	59	0	1	22	0	7	544	12	0	0	0	0	0	0	0	0	180	0	715	11	0	0	0	0	0	0	0	0	0	13165	7	0	0	0	0	0	12	0	0	0	0	4	0	0	0	2	0	139	0	0	109	5	0	0	0	0	1	0	0	221	5795	0	0	2	593	0	46	0	0	0	0	0	135	1	0
r2_C27	1	0	30	12	0	0	0	5	2685	0	1092	9	0	0	0	0	0	6	0	3	1	6	23	0	0	5	0	8	750	5	0	0	1	0	0	0	0	0	23	3	1180	9	0	0	0	0	0	0	0	0	0	21308	26	0	1	0	0	0	15	0	0	0	0	1	0	0	0	0	0	216	0	0	103	0	0	0	0	0	4	0	0	500	9280	0	0	5	1556	0	27	0	0	0	0	0	24	5	0
r2_C28	1	2	30	19	0	0	0	3	1887	0	410	21	0	0	0	0	0	4	0	17	0	35	17	0	1	6	0	37	1222	15	0	0	0	1	0	2	1	0	111	0	1540	12	0	0	0	0	0	0	0	0	0	29692	5	0	0	0	0	0	5	0	0	0	0	1	0	0	0	1	0	307	0	0	230	3	0	1	1	0	10	0	0	760	13329	0	0	4	923	0	93	0	0	0	0	0	101	3	0
r2_C29	0	0	93	12	0	0	0	6	655	0	241	9	0	0	0	0	0	7	0	5	0	65	49	0	0	65	0	22	1289	10	0	0	0	0	0	0	1	0	191	1	1814	17	0	0	0	0	0	0	8	0	0	25999	8	0	4	0	0	0	4	0	0	0	0	4	0	0	0	14	0	742	0	0	263	26	0	0	0	1	7	0	0	41	8597	0	0	3	943	0	21	0	0	1	0	0	32	0	0
r2_C3	22	0	293	14	0	0	0	35	8976	0	361	18	0	0	0	0	0	12	0	8	1	64	12	0	3	453	0	55	2818	6	0	0	0	0	0	1	0	1	483	12	4183	32	0	0	0	0	0	0	35	0	0	36722	5	0	2	0	0	0	20	0	0	0	0	0	0	0	2	209	0	421	0	0	2169	92	0	0	0	0	6	0	0	2293	14921	0	0	4	5253	0	488	0	0	0	0	0	152	4	0
r2_C30	3	1	11	8	0	0	0	2	3318	0	520	4	0	0	0	0	0	0	0	2	0	8	1	0	0	3	0	3	538	2	0	0	0	0	0	0	0	0	110	5	415	5	0	0	0	0	0	0	0	0	0	14232	10	0	1	0	0	0	1	0	0	0	0	0	0	0	0	0	0	32	1	0	217	0	0	0	0	0	5	0	0	657	5997	0	0	1	470	0	86	0	0	0	0	0	46	1	0
r2_C31	0	0	28	8	0	0	0	3	909	0	751	6	0	0	0	0	1	4	0	6	0	20	3	0	0	53	0	9	911	78	0	0	0	0	0	0	0	0	354	14	661	8	0	0	0	0	0	0	9	0	0	15989	4	0	2	0	0	0	14	0	0	0	0	10	0	0	0	6	0	282	0	0	229	4	0	0	0	0	3	0	0	168	4879	0	0	0	1084	0	13	0	0	0	0	0	7	3	0
r2_C32	1	0	25	5	0	0	0	5	2161	0	1158	8	0	0	0	0	0	6	0	2	0	28	5	0	0	6	0	7	1009	7	0	0	0	0	0	0	0	0	2445	68	1012	11	0	0	0	0	0	0	0	0	0	33385	13	0	6	0	0	0	19	0	0	0	0	2	0	0	0	2	0	311	0	0	250	0	0	1	0	0	3	0	0	533	7131	0	0	0	1825	0	55	0	0	0	0	0	31	0	0
r2_C33	1	0	55	8	0	0	0	2	3723	0	1325	9	0	0	0	0	0	7	0	4	0	8	5	0	0	15	0	6	711	4	0	0	0	0	0	0	1	0	276	0	1147	9	0	0	0	0	0	0	1	0	0	28449	40	0	0	0	0	0	13	0	0	0	0	0	0	0	0	1	0	76	1	0	266	0	0	0	0	0	7	0	0	502	9753	0	0	0	1660	0	255	0	0	0	0	0	109	2	0
r2_C4	1	0	61	6	0	0	0	6	2156	0	13	10	0	0	0	0	0	2	0	3	1	32	7	0	0	73	0	20	919	2	0	0	0	0	0	0	0	0	40	1	1392	10	0	0	0	1	0	0	3	0	0	8893	2	0	0	0	0	0	7	0	0	0	0	0	0	0	2	220	0	128	0	0	532	5	0	0	0	0	2	0	0	826	6720	0	0	1	2044	0	69	0	0	0	0	0	9	1	0
r2_C5	3	1	66	21	0	1	0	10	1674	0	14	22	0	0	0	0	0	1	0	4	0	7	3	0	0	58	0	16	1147	1	0	0	0	0	0	1	0	1	12	0	797	5	0	0	0	0	0	0	10	0	0	7396	1	0	0	0	0	0	0	0	0	0	0	0	0	0	0	338	0	80	0	0	527	0	0	0	0	0	2	0	0	1002	4572	0	0	1	1762	0	135	0	0	0	0	0	11	8	0
r2_C6	5	0	97	55	0	0	0	11	5627	0	32	33	0	0	0	0	0	3	0	33	0	25	5	0	0	2	0	21	739	0	0	0	0	0	0	0	0	0	78	3	1843	22	0	0	0	0	0	0	0	0	0	22983	2	0	0	0	1	0	9	0	0	0	0	0	0	0	0	11	0	79	0	0	477	0	0	0	0	0	11	0	0	407	6595	0	0	2	4513	0	54	0	0	0	0	0	30	8	0
r2_C7	1	1	141	15	0	0	0	37	5352	0	14	11	0	0	0	0	0	9	0	7	1	48	9	0	0	4	0	95	2101	8	0	0	0	0	0	0	0	0	25	2	4467	24	0	0	0	2	0	0	1	0	0	41514	4	0	148	0	0	0	66	0	0	0	0	0	0	0	10	7	0	271	0	0	1652	0	0	0	0	0	6	0	0	4251	23768	0	0	4	1831	0	530	0	0	0	0	0	60	2	0
r2_C8	0	0	18	19	0	0	0	19	12906	0	194	9	0	0	0	0	0	3	0	3	0	32	0	0	0	2	1	7	422	1	0	0	0	0	0	0	0	0	5	7	844	16	0	0	0	0	0	0	0	0	0	28194	2	0	56	0	0	0	11	0	0	0	0	0	0	0	16	37	0	155	1	0	1882	0	0	0	4	0	3	0	0	1037	9099	0	0	2	6341	0	44	0	0	0	0	0	279	3	0
r2_C9	2	0	32	11	0	0	0	12	10865	0	127	10	0	0	0	0	0	6	0	7	5	49	1	0	0	9	0	20	763	0	0	0	0	0	0	0	0	0	1279	87	1228	25	0	0	0	0	0	0	0	0	0	29367	5	0	103	0	0	0	24	0	0	0	1	0	0	0	13	601	0	317	0	0	1380	0	0	0	396	0	8	0	0	679	8855	0	0	6	5661	0	14	0	0	0	0	0	341	3	0
