sample	Acidilobales	Actinomycetales	Bacillales	Bacteroidales	Bifidobacteriales	Burkholderiales	Caldilineales	Campylobacterales	Caulobacterales	Clostridiales	Coriobacteriales	Cytophagales	Desulfovibrionales	Desulfurococcales	Enterobacteriales	Erysipelotrichales	Flavobacteriales	Fusobacteriales	Gammaproteobacteria_incertae_sedis	Halanaerobiales	Hydrogenophilales	Lactobacillales	Methanobacteriales	Mycoplasmatales	Myxococcales	Neisseriales	Pasteurellales	Planctomycetales	Pseudomonadales	Puniceicoccales	Rhizobiales	Rhodobacterales	Rhodospirillales	Selenomonadales	Sphingobacteriales	Sulfolobales	Synergistales	Syntrophobacterales	Thermales	Thermoproteales	Verrucomicrobiales	Xanthomonadales
r1_1	0	180	13	20486	3461	23	0	0	0	62983	3737	0	0	0	15	6413	0	1	0	0	0	27046	0	0	0	0	0	0	0	0	0	0	0	7939	6	0	0	0	0	0	3	0
r1_10	0	19	0	8389	2412	53	0	0	0	19331	643	0	0	0	2	1891	0	0	0	0	0	190	0	0	0	0	0	0	0	0	0	0	0	2559	1	0	0	0	0	0	1	0
r1_11	0	150	11	8755	6223	29	0	0	0	41303	7740	0	0	3	25	5734	0	0	0	0	0	1491	0	0	0	0	0	0	0	0	1	0	0	2454	22	0	0	0	0	0	6	0
r1_12	0	105	1	18783	2881	213	0	0	0	34543	1083	0	0	0	8	2885	0	0	0	0	0	796	0	0	0	0	16	0	0	0	0	0	12	6469	8	0	0	0	0	0	3	0
r1_13	0	184	6	26371	1700	94	0	0	0	42808	1309	0	1	0	93	3839	0	0	0	0	0	2524	0	0	0	0	36	0	2	0	1	0	36	6359	7	0	0	0	0	0	3	0
r1_14	0	114	10	7260	2074	12	0	0	0	41946	923	0	0	0	17	2055	0	2	0	0	0	8234	0	0	0	0	4	0	0	0	2	0	8	3178	5	0	0	0	0	0	6	0
r1_15	0	39	1	16953	3266	243	0	0	0	41200	992	0	0	1	4	2506	0	1	0	0	0	1240	0	0	0	0	1	0	0	0	0	0	370	6326	7	0	0	0	0	0	3	0
r1_16	0	35	2	12137	3373	157	0	0	0	35505	1052	0	0	0	0	1734	0	0	0	0	0	3266	0	0	0	0	1	0	0	0	4	0	507	4128	11	0	0	0	0	0	3	0
r1_17	0	72	2	10667	3065	104	0	0	0	45591	1433	0	0	1	14	2459	0	0	0	0	0	5897	0	0	0	0	17	1	0	0	2	0	251	3643	17	0	0	0	0	0	2	0
r1_18	0	48	1	6893	3886	36	0	0	0	33291	1445	0	0	0	11	4203	0	0	0	0	0	7975	0	0	0	0	2	0	0	0	0	0	38	2808	12	0	0	0	0	0	5	0
r1_19	0	38	3	9489	2668	98	0	0	0	34116	1667	0	1	1	0	3101	0	0	0	0	0	5246	0	0	0	0	2	0	0	0	0	0	145	4778	9	0	0	0	0	0	2	0
r1_2	0	118	1	12297	5151	34	0	0	0	59192	3187	0	0	1	176	10010	0	0	0	0	0	8846	0	0	0	0	0	0	0	0	0	0	1	3622	13	0	0	0	0	0	6	0
r1_20	0	214	22	22543	9666	64	0	0	0	74206	2917	0	0	0	356	6520	0	2	0	0	0	7204	0	0	0	0	91	0	0	0	1	0	57	3271	16	0	0	0	0	0	5	0
r1_21	0	121	7	15286	16007	175	0	0	0	64501	3481	0	1	1	19	4382	0	0	0	0	0	5692	0	0	0	0	21	0	0	0	1	0	117	4980	19	0	0	0	0	0	9	0
r1_22	0	90	7	19196	7746	151	0	0	0	50346	3337	0	0	0	57	5282	0	0	0	0	0	7345	0	0	0	0	0	0	0	0	2	0	79	10206	22	0	0	0	1	0	3	0
r1_23	0	95	10	22027	5451	247	0	0	0	55013	2578	0	1	1	9	7241	0	0	0	0	0	1427	0	0	0	0	0	0	0	0	1	0	207	13416	15	0	0	0	0	0	3	0
r1_24	0	24	2	23391	5029	209	0	0	0	38158	2133	0	0	0	2	2854	0	1	0	0	0	2712	0	0	0	0	0	0	0	0	1	0	440	15435	9	0	0	0	0	0	5	0
r1_25	0	47	2	13535	2971	150	0	0	0	27133	1451	0	0	0	3	2162	0	0	0	0	0	3000	0	0	0	0	4	0	0	0	0	0	780	7436	12	0	0	0	0	0	2	0
r1_26	0	29	1	10680	3524	180	0	0	0	31907	934	0	1	0	30	2368	0	0	0	0	0	959	0	0	0	0	44	0	0	0	3	0	840	5535	8	0	0	0	0	0	4	0
r1_27	0	40	0	10161	4538	221	0	0	0	29057	1851	0	0	1	346	1575	0	0	0	0	0	417	0	0	0	0	2	0	0	0	1	0	314	2803	17	0	0	0	0	0	6	0
r1_28	0	15	0	9465	3907	62	0	0	0	24681	1076	0	1	0	0	2241	0	0	0	0	0	331	0	0	0	0	0	0	0	0	0	0	33	3725	7	0	0	0	0	0	2	0
r1_29	0	27	2	5437	4490	49	0	0	0	32212	1897	0	6	6	12	2202	1	0	0	0	0	414	0	0	0	0	7	0	1	0	33	0	2	1560	145	0	0	0	0	0	47	0
r1_3	0	29	1	20419	2989	200	0	0	0	53546	1740	0	0	0	6	6246	0	0	0	0	0	1297	0	0	0	0	0	0	0	0	5	0	0	6164	12	0	0	0	0	0	6	0
r1_30	0	69	2	6057	4931	3	0	0	0	43691	2028	0	0	1	4	2987	0	0	0	0	0	623	0	0	0	0	2	0	0	0	1	0	5	448	8	0	0	0	0	0	4	0
r1_31	0	32	2	16699	6903	104	0	0	0	41670	2512	0	0	3	1	3202	0	0	0	0	0	1135	0	0	0	0	1	0	0	0	0	0	45	2601	13	0	0	0	0	0	3	0
r1_32	0	27	3	6756	4142	67	0	0	0	43435	2288	0	0	1	0	3104	1	0	0	0	0	2009	0	0	0	0	1	0	0	0	0	0	14	4991	15	0	0	0	0	0	7	0
r1_33	0	70	0	10018	3244	119	0	0	0	57098	4242	0	0	1	1	5671	0	0	0	0	0	3162	0	0	0	0	0	0	0	0	3	0	85	5774	15	0	0	0	0	0	7	0
r1_34	0	64	1	12377	3654	114	0	0	0	72444	6237	0	1	2	16	9510	0	3	0	0	0	5756	0	0	0	0	0	0	0	0	4	0	233	12220	48	0	0	0	0	0	15	0
r1_35	0	48	1	14854	3912	324	0	0	0	78463	3214	0	0	4	6	7545	0	0	0	0	0	3383	0	0	0	0	10	0	1	0	1	0	1172	10854	77	0	0	0	0	0	19	0
r1_36	0	45	2	21879	7021	510	0	0	0	90138	2386	0	1	0	4	5761	0	0	0	0	0	1655	0	0	0	0	0	0	2	0	0	0	1078	9631	35	0	0	0	0	0	14	0
r1_37	0	3	0	473	126	5	0	0	0	2328	55	0	5	1	10	143	2	0	0	0	0	226	0	0	0	0	0	0	0	0	14	0	1	88	146	0	0	0	0	0	55	0
r1_38	0	31	4	3993	6091	6	0	0	0	43147	4503	0	0	0	1	3647	0	0	0	0	0	745	0	0	0	0	0	0	0	0	0	0	8	11013	8	0	0	0	0	0	5	0
r1_39	0	33	2	5887	8296	18	0	0	0	47461	4160	0	0	1	0	3448	0	0	0	0	0	2619	0	0	0	0	0	0	0	0	1	0	5	5997	19	0	0	0	0	0	2	0
r1_4	0	76	10	19774	3099	72	0	0	0	31663	1384	0	1	0	14808	2036	0	0	0	0	0	6674	0	0	0	0	1	0	33	0	6	0	0	5409	12	0	0	0	0	0	4	0
r1_40	0	17	2	5040	6333	58	0	0	0	37576	3921	0	0	0	9	3435	0	0	0	0	0	1068	0	0	0	0	0	0	0	0	0	0	6	5217	13	0	0	0	0	0	5	0
r1_41	0	14	2	10641	2888	32	0	0	0	28075	2783	0	1	0	2	2380	0	0	0	0	0	2522	0	0	0	0	2	0	0	0	0	0	23	8057	8	0	0	0	0	0	2	0
r1_42	0	62	2	26454	8312	62	0	0	0	85234	6348	0	0	0	8	14720	0	0	0	0	0	2384	0	0	0	0	1	1	0	0	0	1	59	6672	17	0	0	0	0	0	6	0
r1_43	0	61	3	1281	7920	4	0	0	0	28966	3047	0	0	0	1	5865	0	0	0	0	0	2145	0	0	0	0	0	0	0	0	0	0	2	1118	12	0	0	0	0	0	5	0
r1_44	0	13	1	1875	6597	7	0	0	0	26056	1868	0	7	6	4	1607	1	0	0	1	0	958	0	0	0	0	0	0	0	0	4	0	0	1254	122	0	0	0	0	0	51	0
r1_45	0	1	0	260	65	2	0	0	0	1333	39	0	2	2	5	85	3	0	0	0	0	118	0	0	0	0	0	1	0	0	11	0	0	45	116	0	0	0	0	0	27	0
r1_46	0	17	0	809	3671	4	0	0	0	20430	2562	0	3	1	11	1777	0	0	0	0	0	1608	0	0	0	0	0	0	0	0	7	0	1	775	102	0	0	0	0	0	38	0
r1_47	0	33	4	16446	6626	87	0	0	0	64557	4893	0	0	1	0	5617	0	0	0	0	0	1757	0	0	0	0	10	0	0	0	0	0	441	5201	20	0	0	0	0	0	3	0
r1_48	0	43	1	13003	7937	73	0	1	0	69696	3658	0	0	0	3	3599	0	0	0	0	0	8891	0	0	0	0	38	0	0	0	0	0	347	8294	23	0	0	0	0	0	10	0
r1_49	0	60	1	5323	9185	25	0	0	0	88831	8802	0	0	0	11	15129	1	0	0	0	0	5983	0	0	0	0	0	0	0	0	0	0	34	8396	18	0	0	0	0	0	2	0
r1_5	0	48	0	15261	1926	276	0	0	0	26215	776	0	0	0	634	2557	0	0	0	0	0	7193	0	0	0	0	1	0	14	0	1	0	0	4046	5	0	0	0	0	0	3	0
r1_50	0	85	5	13405	3518	43	0	0	0	49958	3953	0	2	0	1	5641	0	0	0	0	0	2627	0	0	0	0	0	0	0	0	1	0	16	3371	9	0	0	0	0	0	2	0
r1_51	0	10	0	11450	6681	18	0	0	0	73362	6877	0	0	1	6	6734	0	1	0	0	0	874	0	0	0	0	0	0	0	0	3	0	60	11478	38	0	0	0	0	0	7	0
r1_52	0	1	0	153	49	3	0	0	0	861	37	0	0	0	1	48	0	0	0	0	0	70	0	0	0	0	0	0	0	0	0	0	0	31	40	0	0	0	0	0	19	0
r1_53	0	14	0	8686	4436	66	0	0	0	33359	1606	0	0	0	2	2318	0	0	0	0	0	3628	0	0	0	0	7	0	0	0	1	0	11	1252	12	0	0	0	0	0	3	0
r1_54	0	49	7	13490	6137	73	0	0	0	40280	3368	0	1	0	9	3928	0	0	0	0	0	2492	0	0	0	0	1	0	0	0	2	0	28	1786	12	0	0	0	0	0	4	0
r1_55	0	33	1	16638	5655	158	0	0	0	49198	2887	0	0	0	10	4992	0	1	0	0	0	4200	0	0	0	0	0	0	0	0	12	0	108	4219	37	0	0	0	0	0	11	0
r1_56	0	41	1	160	7341	2	0	0	0	54590	15229	0	1	0	3	12230	0	0	0	0	0	1601	0	0	0	0	0	0	0	0	3	0	5	390	44	0	0	0	0	0	14	0
r1_57	0	17	2	13248	3406	224	0	0	0	35010	1551	0	1	1	3	2865	0	0	0	0	0	644	0	0	0	0	0	0	0	0	0	0	154	4477	9	0	0	0	0	0	0	0
r1_58	0	1	0	415	126	8	0	0	0	2057	42	0	1	1	8	122	1	0	0	0	0	156	0	0	0	0	1	0	0	0	31	0	0	96	141	0	0	0	0	0	53	0
r1_59	0	9	0	6667	6049	57	0	0	0	27790	2490	0	0	0	7	2064	0	1	0	0	0	747	0	0	0	0	0	0	0	0	1	0	6	3684	3	0	0	0	0	0	2	0
r1_6	0	30	0	16572	1622	278	0	0	0	34493	869	0	0	0	3	3530	0	0	0	0	0	278	0	0	0	0	0	0	0	0	0	1	0	3467	11	0	0	0	0	0	3	0
r1_60	0	60	2	15430	16073	54	0	0	0	124294	18445	0	2	1	50	12085	0	0	0	0	0	3398	0	0	0	0	0	0	0	0	1	0	13	7064	39	0	0	0	0	0	14	0
r1_61	0	19	0	29749	1994	250	0	0	0	65950	2586	0	0	0	36	4124	0	0	0	0	0	4489	0	0	0	0	6	0	0	0	1	0	115	3140	17	0	0	0	0	0	6	0
r1_63	0	72	1	21067	5093	230	0	0	0	62717	4457	0	0	1	17	3642	0	0	0	0	0	4164	0	0	0	0	0	0	0	0	2	0	38	4494	16	0	0	0	0	0	10	0
r1_64	0	54	4	6049	11258	20	0	0	0	65841	11553	0	0	0	52	8163	0	0	0	0	0	5466	0	0	0	0	0	0	0	0	2	0	3	788	11	0	0	0	0	0	14	0
r1_65	0	30	3	9251	8786	98	0	0	0	47577	3862	0	2	0	3	3288	0	0	0	0	0	1983	0	0	0	0	0	0	0	0	1	0	35	2875	50	0	0	0	0	0	25	0
r1_66	0	25	0	20453	2852	208	0	0	0	45018	1665	0	2	1	0	2749	0	0	0	0	0	587	0	0	0	0	0	0	0	0	0	0	219	3281	11	0	0	0	0	0	2	0
r1_67	0	16	3	8570	4674	55	0	0	0	35935	4223	0	0	1	2	2712	0	0	0	0	0	1217	0	0	0	0	0	0	1	0	0	0	201	4782	8	0	0	0	0	0	4	0
r1_68	0	35	0	8638	3847	52	0	0	0	42431	3793	0	0	0	7	2577	0	0	0	0	0	1446	0	0	0	0	0	0	0	0	1	0	23	3302	8	0	0	0	0	0	1	0
r1_7	0	7	0	1347	281	9	0	0	0	4169	130	0	0	1	5	153	1	0	0	0	0	484	0	0	0	0	0	1	0	0	7	0	0	393	82	0	0	0	0	0	37	0
r1_8	0	46	0	10804	1566	160	0	0	0	37153	1169	0	0	0	2	2559	0	0	0	0	0	8050	0	0	0	0	0	0	0	0	2	0	0	5094	9	0	0	0	0	0	2	0
r1_9	0	0	0	1	0	0	0	0	0	4	0	0	0	0	0	3	0	0	0	0	0	0	0	0	0	0	0	0	0	0	0	0	0	0	0	0	0	0	0	0	0	0
r1_B1	0	19	4	19604	61	281	0	0	0	56695	3412	0	475	1	254	5784	0	0	0	0	0	1379	0	0	0	0	0	0	0	0	3	0	0	41	94	0	0	0	0	0	6743	0
r1_B10	0	53	1	14807	2953	5	0	0	0	32360	2886	0	253	1	2	1153	0	0	0	0	0	3206	0	0	0	0	0	1	0	0	3	0	0	9	28	0	0	0	0	0	1943	0
r1_B11	0	16	2	10732	1143	223	0	0	0	19739	434	0	165	0	0	748	0	0	0	0	0	5512	0	0	0	0	1	0	0	0	0	0	0	16	17	0	0	0	0	0	12	0
r1_B12	0	36	1	19297	802	798	0	0	0	46121	994	0	232	0	0	3288	0	0	0	0	0	3549	0	0	0	1	49	0	1	0	1	0	0	61	17	0	0	0	0	0	20	0
r1_B13	0	37	4	23997	407	457	0	0	0	45902	1374	0	450	1	0	2392	1	0	0	0	0	795	0	0	0	0	7	0	0	0	5	0	0	39	49	0	0	0	0	0	3184	0
r1_B14	0	25	3	17258	452	556	0	0	0	54426	2464	0	271	2	7	7531	0	0	0	0	0	1282	0	0	0	0	1	2	1	0	4	0	0	114	77	0	0	0	0	0	369	0
r1_B15	0	21	5	25878	455	455	0	0	0	62276	2660	0	167	3	5	7123	0	0	0	0	0	2779	0	0	0	1	6	0	0	0	2	0	0	105	57	0	0	0	0	0	470	0
r1_B16	0	34	8	15871	543	299	0	0	0	48729	1646	0	304	1	2	2762	0	0	0	0	0	741	1	0	0	0	4	0	0	0	2	0	0	43	46	0	0	0	0	0	2899	0
r1_B17	0	10	1	22684	240	338	0	0	0	32727	313	0	146	1	5	2263	0	1	0	0	0	6677	0	0	0	0	44	0	0	0	1	0	0	278	28	0	0	0	0	0	695	0
r1_B18	0	13	0	19208	754	775	0	0	0	35943	929	0	189	1	1	2358	0	0	0	0	0	2428	0	0	0	0	0	0	0	0	5	0	0	26	30	0	0	0	0	0	1353	0
r1_B19	0	12	2	22462	413	332	0	0	0	40297	1071	0	477	1	1	1474	0	0	0	0	0	2255	0	0	0	0	1	0	0	0	4	0	0	31	32	0	0	0	0	0	2769	0
r1_B2	0	28	2	25758	60	329	0	0	0	47607	2200	0	791	0	470	2701	0	0	0	0	1	3233	0	0	0	0	0	0	0	0	1	0	0	31	31	0	0	0	0	0	5043	0
r1_B20	0	19	1	1117	313	30	0	0	0	12997	836	0	19	1	12	989	0	0	0	0	0	321	0	0	0	0	0	0	1	0	0	0	0	18	9	0	0	0	0	0	725	0
r1_B21	0	18	2	3299	590	61	0	0	0	30975	1284	0	33	2	9	1787	0	0	0	0	0	918	1	0	0	0	0	0	0	0	1	0	0	50	30	0	0	0	0	0	1325	0
r1_B22	0	15	0	1733	540	44	0	0	0	23638	1116	0	29	0	3	1338	0	0	0	0	0	838	3	0	0	0	0	1	0	0	0	0	0	33	23	0	0	0	0	0	832	0
r1_B23	0	19	1	2377	942	75	0	0	0	30392	1548	0	42	1	9	1770	1	0	0	0	0	1265	0	0	0	0	0	0	0	0	2	0	0	56	38	0	0	0	0	0	1246	0
r1_B24	0	24	0	22239	315	449	0	0	0	33760	696	0	414	0	1	1011	0	0	0	0	0	4213	1	0	0	0	0	0	0	0	0	0	0	122	19	0	0	0	0	0	3778	0
r1_B25	0	18	0	17283	497	751	0	0	0	39691	823	0	273	0	0	1610	0	1	0	0	0	1753	0	0	0	0	0	0	0	0	1	0	0	25	14	0	0	0	0	0	2866	0
r1_B26	0	22	0	10817	984	684	0	0	0	49842	1029	0	96	1	1	1217	0	0	0	0	0	883	0	0	0	0	1	0	0	0	2	0	0	34	36	0	0	0	0	0	2843	0
r1_B27	0	50	1	15358	539	607	0	0	0	46018	1035	0	116	0	2	5822	0	0	0	0	0	774	0	0	0	0	18	0	0	0	0	0	1	44	10	0	0	0	0	0	2516	0
r1_B28	0	6	0	13673	10	600	0	0	0	18995	654	0	206	0	1	1590	0	0	0	0	0	5222	0	0	0	0	0	0	0	0	0	0	0	14	3	0	0	0	0	0	234	0
r1_B29	0	10	0	12177	33	390	0	0	0	20895	889	0	147	0	4	2231	0	0	0	0	0	3125	0	0	0	0	0	0	0	0	0	0	1	23	24	0	0	0	0	0	290	0
r1_B3	0	18	2	16731	311	138	0	0	0	33551	889	0	436	0	6	1331	0	0	0	0	0	4948	0	0	0	0	1	0	0	0	1	0	0	17	13	0	0	0	0	0	1195	0
r1_B30	0	23	3	25495	78	1079	1	0	0	41368	1302	0	364	0	4	4118	1	0	0	0	1	3543	0	0	0	0	0	1	0	0	7	0	0	20	43	0	0	0	0	0	1263	1
r1_B31	0	7	0	24437	70	902	0	0	0	33461	1123	0	604	0	5	2663	0	0	0	0	0	3877	0	0	0	0	0	0	0	0	3	0	0	7	37	0	0	0	0	0	2636	0
r1_B32	0	19	2	18424	1436	265	0	0	0	25356	2987	0	116	1	3	10878	0	0	0	0	0	573	0	0	0	0	0	0	0	0	1	0	0	19	38	0	0	0	0	0	4168	0
r1_B33	0	3	0	17043	473	371	0	0	0	16545	1010	0	259	1	1	3875	0	0	0	0	0	349	0	1	0	0	0	0	0	0	2	0	0	13	17	0	0	0	0	0	2165	0
r1_B34	0	12	1	12189	1040	114	0	0	0	12483	1755	0	57	0	0	5332	0	0	0	0	0	358	0	0	0	0	0	0	0	0	0	0	0	4	12	0	1	0	0	0	2618	0
r1_B35	0	9	0	14282	1999	330	0	0	0	32511	881	0	150	1	9	2882	0	0	0	0	0	2050	0	0	0	0	0	0	0	0	3	0	0	27	9	0	0	0	0	0	1099	0
r1_B36	0	17	0	15964	356	209	0	0	1	28963	1149	0	239	0	608	960	0	0	0	0	0	1795	0	0	0	0	0	0	0	0	1	0	0	24	14	0	0	0	0	0	12	0
r1_B37	0	13	0	14125	395	208	0	1	0	24387	1178	0	229	0	569	836	0	0	0	0	0	1603	0	0	0	0	0	0	0	0	0	0	0	17	6	0	0	0	0	0	5	0
r1_B38	0	12	0	13262	456	129	0	0	0	22893	1042	0	160	0	577	755	0	0	0	0	0	1414	0	0	0	0	0	0	0	0	0	0	0	11	19	0	0	0	0	0	2	0
r1_B39	0	23	2	20505	383	239	0	0	0	31329	1205	0	274	0	757	1075	0	0	0	0	0	2312	0	0	0	0	0	0	0	0	0	0	0	17	16	0	0	0	0	0	7	0
r1_B4	0	55	1	40523	696	319	0	0	0	56598	2023	0	1187	1	10	2701	0	0	0	0	0	13530	0	0	0	0	4	0	0	0	4	0	0	66	44	0	0	0	0	0	3397	0
r1_B40	0	16	0	21405	178	586	0	0	0	27522	595	1	552	0	115	634	0	0	0	0	0	2547	0	0	0	0	0	0	0	0	0	0	0	16	11	0	0	0	0	0	3	0
r1_B41	0	19	0	24758	190	639	0	0	0	33484	632	0	634	0	147	639	0	0	0	0	0	2859	0	0	0	0	0	0	0	0	0	0	0	19	18	0	0	0	0	0	6	0
r1_B42	0	4	0	17055	192	593	0	0	0	38286	797	0	405	0	3	322	1	0	0	0	0	964	0	0	1	0	0	0	0	0	0	0	0	32	14	0	0	0	0	0	88	0
r1_B43	0	9	1	17764	257	249	0	0	0	37371	1995	0	271	0	60	411	0	0	0	0	0	3746	0	0	0	0	0	0	0	0	1	0	0	57	11	0	0	0	0	0	637	0
r1_B44	0	13	1	23019	303	258	0	0	0	35790	2420	0	372	1	71	594	1	0	0	0	0	4255	0	0	0	0	0	0	0	0	4	0	0	124	26	0	0	0	0	0	812	0
r1_B45	0	20	0	15556	175	440	0	0	0	44021	1217	0	158	0	5	583	1	0	0	0	0	1887	0	0	0	0	0	0	0	0	2	0	0	115	55	0	0	0	0	0	2743	0
r1_B46	0	50	1	12084	457	465	0	0	0	82362	2429	0	138	0	6	870	0	0	0	0	0	3363	0	0	0	0	0	0	0	0	6	0	1	141	43	0	0	0	0	0	5219	0
r1_B47	0	19	0	46641	283	2012	0	0	0	34173	812	0	2123	0	0	2376	0	0	0	0	0	3206	0	0	0	0	0	0	0	0	0	0	1	36	21	0	0	0	0	0	6968	0
r1_B5	0	76	0	39077	1597	455	0	0	0	66348	1567	0	1109	1	5	2240	0	0	0	0	0	17786	0	0	0	0	10	0	1	0	9	0	0	133	47	0	1	0	0	0	2597	0
r1_B6	0	83	3	27651	1933	183	0	0	0	48017	1691	0	1134	1	2	1555	0	0	0	0	0	21973	0	0	0	0	9	0	0	0	4	0	0	51	28	0	0	0	0	0	4505	0
r1_B7	0	71	1	23268	2153	137	0	0	0	35916	1964	0	1005	1	0	1239	0	0	0	0	0	19590	1	0	0	0	5	0	0	0	1	0	0	67	7	0	0	0	0	0	3979	0
r1_B8	0	59	1	25744	1610	179	0	0	0	39288	815	0	723	2	0	1174	0	0	0	0	0	14651	0	0	0	0	4	0	1	0	2	0	0	71	12	0	0	0	0	0	1006	0
r1_B9	0	54	2	26363	2708	240	0	0	0	47129	1529	0	934	1	325	1282	0	0	0	0	0	17717	1	0	0	0	9	0	12	0	1	0	0	56	31	0	0	0	0	0	1454	0
r1_C1	0	290	51	6287	49	213	0	0	0	77243	3372	0	1	7	186	5200	0	0	0	0	0	3638	0	0	0	0	1	1	0	0	1	0	0	44	87	0	0	0	0	0	28	0
r1_C10	0	39	9	12082	77	11	0	0	0	31371	604	0	3	0	48	964	0	0	0	0	0	3881	0	0	0	0	6	0	2	0	0	0	0	291	71	0	0	0	0	0	16	0
r1_C11	0	29	16	8438	15	6	0	2	0	26455	748	0	1	0	158	958	0	0	0	0	0	2454	0	0	0	0	2	0	0	0	1	0	0	213	22	0	0	0	0	0	6	0
r1_C12	0	14	5	2174	34	46	0	0	0	22094	1057	0	0	1	11	794	0	0	0	0	0	2100	0	0	0	0	0	0	0	0	4	0	0	167	57	0	0	0	0	0	20	0
r1_C13	0	11	2	627	31	24	0	0	0	10752	450	0	1	3	7	365	0	0	0	0	0	248	0	0	0	0	1	0	0	0	1	0	0	27	33	0	0	0	0	0	11	0
r1_C14	0	42	3	2025	17	64	0	0	0	21433	554	0	0	1	9	963	0	0	0	0	0	5141	0	0	0	0	0	0	0	0	3	0	0	37	59	0	0	0	0	0	14	0
r1_C15	0	59	6	4600	24	129	0	0	0	35930	1416	0	0	2	13	2179	0	0	0	0	0	1369	0	0	0	0	0	0	0	0	1	0	0	20	29	0	0	0	0	0	8	0
r1_C16	0	9	3	1329	4	16	0	0	0	9642	243	0	1	2	5	708	0	0	0	0	0	458	0	0	0	0	0	1	5	0	2	0	0	17	10	0	0	0	0	0	3	0
r1_C17	0	40	5	902	473	6	0	0	0	19039	451	0	0	1	12	573	0	0	0	0	0	2251	0	0	0	0	0	0	0	0	1	0	0	17	4	0	0	0	0	0	2	0
r1_C18	0	73	9	1233	911	17	0	0	0	35197	506	0	0	1	2445	854	0	0	0	0	0	4966	0	0	0	1	0	0	0	0	1	0	0	32	13	0	0	0	0	0	2	0
r1_C19	0	61	11	144	1281	19	0	0	0	22550	600	0	0	2	1	2687	0	0	0	0	0	1399	0	0	0	0	0	0	0	0	0	0	0	2	10	0	0	0	0	0	5	0
r1_C2	0	306	53	9264	49	322	0	1	0	54067	3572	0	1	5	173	5738	0	0	0	0	0	2141	0	0	0	0	0	0	0	0	12	0	0	119	82	0	0	0	0	0	29	0
r1_C20	0	96	17	1704	3531	146	0	0	0	46403	1915	0	0	1	39	8497	0	0	0	0	0	2610	0	0	0	0	0	0	0	0	1	0	0	9	39	0	0	0	0	0	7	0
r1_C21	0	41	4	2730	613	40	0	0	0	43092	836	0	6	1	434	1385	0	0	0	0	0	1004	0	0	0	0	0	0	0	0	12	0	0	105	81	0	0	0	0	0	29	0
r1_C22	0	53	10	4171	153	122	0	0	0	48096	1005	0	0	1	116	2154	0	0	0	0	0	1598	0	0	0	0	1	0	0	0	4	0	0	217	23	0	0	0	0	0	5	0
r1_C23	0	65	16	4496	1040	142	0	0	0	45308	860	0	3	1	735	1652	0	0	0	0	0	3339	0	0	0	0	1	0	1	0	15	0	0	505	36	0	0	0	0	0	14	0
r1_C24	0	51	7	3292	184	157	0	0	0	29113	372	0	2	1	178	596	0	0	0	0	0	2061	0	0	0	0	2	0	1	0	1	0	0	190	17	0	0	0	0	0	7	0
r1_C25	0	13	2	1325	226	24	0	0	0	11083	265	0	5	4	28	376	0	0	0	0	0	481	0	0	0	0	0	0	0	0	59	0	1	132	195	0	0	0	0	0	62	0
r1_C26	0	51	5	2880	1227	47	0	0	0	20363	556	0	0	0	187	750	0	0	0	0	0	672	0	0	0	0	0	0	0	0	4	0	0	138	10	0	0	0	0	0	2	0
r1_C27	0	61	10	3402	1113	27	0	0	0	32164	761	0	0	2	25	1214	1	0	0	0	0	1717	0	0	0	0	0	0	0	0	3	0	1	32	18	0	0	0	0	0	10	0
r1_C28	0	58	8	3078	441	96	0	0	0	45663	1245	0	4	0	114	1622	0	0	0	0	0	1056	0	0	0	0	0	0	1	0	9	0	0	109	52	0	0	0	0	0	15	0
r1_C29	0	134	9	1066	255	22	0	0	0	37972	1346	0	1	2	199	1975	0	0	0	0	0	1070	0	0	0	0	0	0	0	0	1	0	0	35	19	0	0	0	0	0	5	0
r1_C3	0	366	39	13946	377	499	0	0	0	56206	2871	0	0	1	497	4324	0	0	0	0	0	5661	0	0	0	0	2	0	0	0	0	0	2	183	37	0	0	0	0	0	13	0
r1_C30	0	15	3	4705	584	98	0	0	0	23012	609	0	1	0	123	483	0	0	0	0	0	587	0	0	0	0	0	0	0	0	2	0	0	54	16	0	0	0	0	0	2	0
r1_C31	0	151	3	1387	786	14	0	1	0	22479	935	0	0	0	359	686	0	0	0	0	0	1179	0	0	0	0	0	0	0	0	0	0	0	10	14	0	0	0	0	0	10	0
r1_C32	0	61	7	3209	1248	61	0	0	0	44353	1075	0	0	0	2613	1103	0	0	0	0	0	2138	0	0	0	0	0	0	0	0	1	0	0	34	14	0	0	0	0	0	6	0
r1_C33	0	87	2	4634	1362	259	0	0	0	39850	726	0	0	1	279	1177	0	0	0	0	0	1838	0	0	0	0	0	0	0	0	0	0	0	114	20	0	0	0	0	0	12	0
r1_C4	0	84	7	3632	15	70	0	0	0	17015	947	0	0	0	40	1443	0	0	0	0	0	2200	0	0	1	0	2	0	0	0	0	0	0	10	13	0	0	0	0	0	4	0
r1_C5	0	79	13	3465	30	141	0	0	0	13870	1211	0	2	0	12	886	0	0	0	0	0	1938	0	0	0	0	0	0	0	0	5	0	1	22	47	0	0	0	0	0	14	0
r1_C6	0	117	13	6974	95	53	0	0	0	32397	781	0	4	2	86	1950	0	0	0	0	0	4939	0	0	0	0	0	0	0	0	5	0	1	62	147	0	0	0	0	0	42	0
r1_C7	0	252	41	11577	22	539	0	0	0	70049	2140	0	0	0	27	4779	0	0	0	0	0	2147	0	0	0	0	10	0	0	0	0	0	0	65	34	0	0	0	0	0	13	0
r1_C8	0	37	22	16269	208	45	0	0	0	39831	438	0	2	0	6	896	0	0	0	0	0	6817	0	0	0	0	16	0	4	0	2	0	0	291	26	0	0	0	0	0	15	0
r1_C9	0	63	18	13288	146	15	0	0	0	41884	784	0	0	0	1303	1346	0	0	0	0	0	6450	0	0	0	1	13	0	405	0	5	0	0	354	29	0	0	0	0	0	15	0
r2_1	0	177	14	19720	3392	22	0	0	0	61154	3647	0	0	25	14	6291	0	1	0	0	0	26420	0	0	0	0	0	0	0	0	1	0	0	7873	1	0	0	0	0	0	3	0
r2_10	0	19	0	8150	2381	50	0	0	0	19016	633	0	0	8	2	1867	0	0	0	0	0	186	0	0	0	0	0	0	0	0	2	0	0	2553	2	0	0	0	0	0	1	0
r2_11	3	146	12	8402	6141	26	0	0	0	40585	7581	0	0	24	24	5625	0	0	0	0	0	1462	0	0	0	0	0	0	0	1	5	0	0	2436	2	0	0	0	0	0	4	0
r2_12	1	103	1	18152	2834	209	0	0	0	33889	1063	0	0	6	8	2834	0	0	0	0	0	767	0	0	0	0	16	0	0	0	2	0	0	6378	4	0	0	0	0	0	1	0
r2_13	0	178	5	25616	1671	93	0	0	0	41932	1279	0	0	7	91	3792	0	0	0	0	0	2473	0	0	0	0	34	0	2	0	2	0	0	6333	1	0	0	0	0	0	0	0
r2_14	1	106	10	6870	1984	12	0	0	0	39774	872	0	0	15	14	1959	0	2	0	0	0	7822	0	0	0	0	4	0	0	0	2	1	0	3089	1	0	0	0	0	0	1	0
r2_15	0	39	1	16208	3190	227	0	0	0	40055	961	0	0	20	4	2449	0	1	0	0	0	1185	0	0	0	0	1	0	0	0	5	0	0	6175	4	0	0	0	0	0	1	0
r2_16	1	31	1	10224	2948	134	0	0	0	30917	915	0	0	41	0	1479	0	0	0	0	0	2794	0	0	0	0	1	0	0	0	4	0	0	3548	5	0	0	0	0	0	1	0
r2_17	0	67	2	10261	2996	101	0	0	0	44709	1389	0	0	15	13	2419	0	0	0	0	0	5783	0	0	0	0	17	0	0	1	8	0	0	3623	7	0	0	0	0	0	1	0
r2_18	2	48	1	6560	3834	36	0	0	0	32701	1411	0	0	11	11	4140	0	0	0	0	0	7854	0	0	0	0	2	0	0	0	2	0	0	2786	2	0	0	0	0	0	2	0
r2_19	1	36	3	8982	2629	99	0	0	0	33525	1635	0	1	15	0	3052	1	0	0	0	0	5120	0	0	0	0	2	0	0	0	2	0	0	4740	1	0	0	0	0	0	1	0
r2_2	6	116	1	11803	5046	33	0	0	0	57963	3107	0	0	18	174	9865	0	0	0	0	0	8653	0	0	0	0	0	0	0	0	2	0	0	3594	1	0	0	0	0	0	5	0
r2_20	2	208	21	21739	9492	65	0	0	0	72665	2836	0	0	21	352	6428	0	2	0	0	0	7004	0	0	0	0	89	0	0	0	10	0	0	3288	1	0	0	0	0	0	1	0
r2_21	2	118	7	14549	15785	173	0	0	0	63365	3410	0	0	28	18	4317	0	0	0	0	0	5543	0	0	0	0	20	0	0	0	6	0	0	4956	4	0	0	0	0	0	3	0
r2_22	1	84	7	17939	7507	147	0	0	0	48787	3160	0	0	16	51	5143	0	0	0	0	0	7011	0	0	0	0	0	0	0	0	9	0	0	10006	4	0	0	0	1	0	1	0
r2_23	3	88	9	20646	5250	239	0	0	0	53165	2468	0	1	25	9	7021	0	0	0	0	0	1342	0	0	0	0	0	0	0	0	11	0	0	13106	4	0	0	0	0	0	2	0
r2_24	2	22	2	21680	4838	203	0	0	0	36509	2017	0	0	26	1	2732	0	1	0	0	0	2576	0	0	0	0	0	0	0	2	11	0	0	14865	6	0	0	0	0	0	2	0
r2_25	1	45	2	12397	2894	142	0	0	0	25998	1388	0	0	9	3	2085	0	0	0	0	0	2853	0	0	0	0	4	0	0	0	7	0	1	7181	3	0	0	0	0	0	2	0
r2_26	1	27	1	10172	3458	178	0	0	0	31257	910	0	0	7	30	2326	0	0	0	0	0	947	0	0	0	0	44	0	0	0	3	0	0	5480	2	0	0	0	0	0	0	0
r2_27	0	39	0	9709	4460	221	0	0	0	28474	1815	0	0	8	343	1553	0	0	0	0	0	401	0	0	0	0	2	0	0	0	3	0	0	2793	8	0	0	0	0	0	2	0
r2_28	1	15	0	8996	3835	61	0	0	0	24349	1053	0	0	13	0	2198	0	0	0	0	0	301	0	0	0	0	0	0	0	0	4	0	0	3686	3	0	0	0	0	0	1	0
r2_29	1	23	2	4755	4237	43	0	0	0	29615	1737	0	1	33	8	2022	0	0	1	0	0	317	0	0	0	0	7	0	1	0	51	0	0	1456	42	0	0	0	0	0	15	0
r2_3	0	29	0	19762	2938	194	0	0	0	52140	1702	0	0	19	4	6174	0	0	0	0	0	1251	0	0	0	0	0	0	0	1	5	0	0	6185	2	0	0	0	0	0	4	0
r2_30	0	68	2	5726	4862	4	0	0	0	42913	1972	0	0	15	4	2920	0	0	0	0	0	603	0	0	0	0	2	0	0	0	4	1	0	451	3	0	0	0	0	0	0	0
r2_31	1	33	2	15697	6806	103	0	0	0	40839	2453	0	0	20	1	3150	0	0	0	0	0	1104	0	0	0	0	1	0	0	0	5	0	0	2562	2	0	0	0	0	0	0	0
r2_32	1	27	3	6221	4070	66	0	0	0	42530	2209	0	0	14	0	3051	0	0	0	0	0	1955	0	0	0	0	1	0	0	0	3	0	0	4931	1	0	0	0	0	0	0	0
r2_33	0	69	0	9471	3156	113	0	0	0	55555	4117	0	0	21	0	5560	0	0	0	0	0	3057	0	0	0	0	0	0	0	5	4	0	0	5672	2	0	0	0	0	0	2	0
r2_34	2	60	1	10829	3466	110	0	0	0	69231	5675	0	1	35	13	9119	0	3	0	0	0	5363	1	0	0	0	0	0	0	0	20	0	0	11937	9	0	0	0	0	1	3	0
r2_35	1	46	1	13608	3767	313	0	0	0	75186	3063	0	0	33	3	7275	0	0	0	0	0	3197	0	0	0	0	10	0	1	2	23	0	2	10608	15	0	0	0	0	0	6	0
r2_36	0	43	2	20513	6925	504	0	0	0	88394	2325	0	1	23	3	5702	0	0	0	0	0	1616	0	0	0	0	0	0	2	0	12	0	0	9584	6	0	0	0	0	0	5	0
r2_37	0	3	0	193	46	4	0	0	0	1042	11	0	0	11	7	69	0	0	0	0	0	96	0	0	0	0	0	0	0	0	54	1	0	38	53	0	0	0	0	0	19	0
r2_38	2	31	3	3495	5888	5	0	0	0	41530	4321	0	0	21	1	3530	0	0	0	0	0	725	0	0	0	0	0	0	0	3	4	0	0	10735	2	0	0	0	0	0	2	0
r2_39	2	33	2	5388	8098	20	0	0	0	46208	4040	0	0	27	0	3360	0	0	0	0	0	2532	0	0	0	0	0	0	0	2	7	0	0	5914	2	0	0	0	0	0	1	0
r2_4	1	77	12	18858	3030	69	0	0	0	30939	1353	0	1	15	14585	2002	0	0	0	0	0	6495	0	0	0	0	1	0	30	0	9	0	0	5355	4	0	0	0	0	0	0	0
r2_40	2	16	2	4675	6234	55	0	0	0	36753	3843	0	0	11	8	3377	0	0	0	0	0	1045	0	0	0	0	0	0	0	0	3	1	0	5174	4	0	0	0	0	0	3	0
r2_41	1	15	2	9864	2769	26	0	0	0	26796	2658	0	0	19	2	2273	0	0	0	0	0	2397	0	0	0	0	2	0	0	1	4	0	0	7819	0	0	0	0	0	0	2	0
r2_42	3	62	2	24682	8163	59	0	0	0	83293	6204	0	0	26	6	14479	0	0	0	0	0	2319	0	0	0	0	1	2	0	1	9	0	0	6667	3	0	0	0	0	0	2	0
r2_43	0	60	2	1138	7793	5	0	0	0	28448	2997	0	0	17	0	5819	0	0	0	0	0	2112	0	0	0	0	0	0	0	0	5	0	0	1114	3	0	0	0	0	0	1	0
r2_44	2	13	0	1489	6352	7	0	0	0	24491	1762	0	3	34	2	1491	0	0	0	0	0	876	0	0	0	0	0	0	0	0	40	0	0	1186	34	0	0	0	0	0	16	0
r2_45	0	2	0	107	18	3	0	0	0	682	11	0	0	12	0	41	1	0	0	0	0	57	0	0	0	0	0	0	0	0	27	0	0	23	24	0	0	0	0	0	9	0
r2_46	1	17	0	565	3515	2	0	0	0	18925	2459	0	3	32	2	1677	0	0	0	0	0	1448	0	0	0	0	0	1	0	1	33	0	0	725	32	0	0	0	0	0	15	0
r2_47	2	31	4	15429	6499	85	0	0	0	62416	4747	0	0	35	0	5506	0	0	0	0	0	1695	0	0	0	0	10	0	0	2	5	0	0	5223	2	1	0	0	0	1	2	0
r2_48	5	44	0	12119	7840	59	0	1	0	68084	3580	0	0	33	2	3537	0	0	0	0	0	8714	0	0	0	0	35	0	0	0	9	0	0	8312	2	0	0	0	0	1	2	0
r2_49	2	57	1	4803	9048	24	0	0	0	87338	8580	0	0	38	10	14950	0	0	0	0	0	5821	1	0	0	0	0	0	0	1	13	0	0	8380	1	0	0	0	0	0	0	0
r2_5	0	48	0	14509	1860	268	0	0	0	25140	748	0	0	10	618	2481	0	0	0	0	0	6920	0	0	0	0	1	0	13	0	5	0	0	3947	1	0	0	0	0	0	1	0
r2_50	2	81	5	12470	3382	40	0	0	0	47510	3761	1	0	35	0	5398	0	0	0	0	0	2481	0	0	0	0	0	0	0	0	3	0	0	3262	2	0	0	0	0	0	0	0
r2_51	4	12	0	10677	6485	17	0	0	0	71138	6659	0	0	41	6	6575	0	1	0	0	0	828	0	0	0	0	0	0	0	2	12	0	0	11356	12	0	0	0	0	0	3	0
r2_52	0	2	0	65	35	3	0	0	0	446	18	0	0	7	1	26	0	0	0	0	0	44	0	0	0	0	0	0	0	0	17	0	0	17	13	0	0	0	0	0	3	0
r2_53	0	14	0	7952	4189	59	0	0	0	30860	1504	0	0	25	0	2179	0	0	0	0	0	3343	0	0	0	0	7	0	0	0	4	0	0	1231	1	0	0	0	0	2	3	0
r2_54	0	48	7	12887	6043	70	0	0	0	39271	3287	0	1	21	9	3891	0	0	0	0	0	2427	0	0	0	0	1	0	0	0	8	1	0	1818	4	0	0	0	0	0	3	0
r2_55	2	31	1	15828	5531	155	0	0	0	47565	2775	0	0	29	11	4898	1	1	0	0	0	4062	0	0	0	0	0	0	0	0	14	0	0	4216	15	0	0	0	0	0	5	0
r2_56	9	41	1	89	7144	1	0	0	0	52806	14766	0	0	39	1	11923	0	0	0	0	0	1516	0	0	0	0	0	0	0	0	7	0	0	428	5	0	0	0	0	2	4	0
r2_57	1	15	2	12536	3352	221	0	0	0	34176	1511	0	0	10	1	2825	0	0	0	0	0	627	0	0	0	0	0	0	0	0	4	0	0	4443	5	0	0	0	0	0	0	0
r2_58	0	1	0	220	49	11	0	0	0	1328	12	0	1	12	3	65	0	0	0	0	0	95	0	0	0	0	0	2	0	0	45	0	0	44	33	0	0	0	0	0	26	0
r2_59	0	8	0	6294	5956	56	0	0	0	27214	2426	0	0	16	7	2014	0	1	0	0	0	723	0	0	0	0	0	0	0	1	1	0	0	3625	1	0	0	0	0	0	0	0
r2_6	0	30	0	15983	1589	275	0	0	0	33478	842	0	0	11	2	3441	0	0	0	0	0	271	0	0	0	0	0	0	0	0	5	0	0	3437	2	0	0	0	0	0	1	0
r2_60	8	59	2	14604	15716	52	0	0	0	119581	18038	0	0	60	49	11864	0	0	0	0	0	3289	0	0	0	0	0	0	0	5	12	0	0	7237	9	0	0	0	0	0	3	0
r2_61	2	21	0	28146	1941	237	0	0	0	63314	2480	0	0	26	33	4022	0	0	0	0	0	4332	0	0	0	0	6	0	0	3	5	1	0	3148	3	0	0	0	0	0	2	0
r2_63	2	68	1	19814	4957	218	0	0	0	61163	4277	0	0	25	14	3555	0	0	0	0	0	4030	0	0	0	0	0	0	0	3	6	0	0	4433	6	0	0	0	0	0	5	0
r2_64	2	49	4	5824	11080	17	0	0	0	64808	11324	0	0	25	51	8055	0	0	0	0	0	5338	0	0	0	0	0	0	0	3	5	0	0	815	2	0	0	0	0	0	11	0
r2_65	3	27	3	8552	8482	92	0	0	0	45362	3677	0	0	38	2	3156	0	0	0	0	0	1853	0	0	0	0	0	0	0	2	20	0	0	2822	15	0	0	0	0	0	5	0
r2_66	0	25	0	19610	2803	201	0	0	0	43924	1624	0	0	14	0	2699	1	0	0	0	0	564	0	0	0	0	0	0	0	0	3	0	0	3278	4	0	0	0	0	0	0	0
r2_67	1	15	3	8090	4572	52	0	0	0	35168	4114	0	0	18	2	2657	0	0	0	0	0	1181	0	0	0	0	0	0	1	1	3	1	0	4723	1	0	0	0	0	0	0	0
r2_68	0	35	0	8172	3771	50	0	0	0	41672	3721	0	0	9	7	2535	0	0	0	0	0	1408	0	0	0	0	0	0	0	1	4	0	0	3295	1	0	0	0	0	0	0	0
r2_7	0	5	0	1123	240	7	0	0	0	3469	118	0	0	9	3	116	0	0	0	0	0	404	0	0	0	0	0	1	0	0	27	0	0	366	30	0	0	0	0	0	12	0
r2_8	1	43	0	10300	1529	156	0	0	0	35898	1127	0	0	15	2	2483	1	0	0	0	0	7808	0	0	0	0	0	0	0	0	2	0	0	5030	6	0	0	0	0	0	1	0
r2_9	0	0	0	1	0	0	0	0	0	4	0	0	0	0	0	3	0	0	0	0	0	0	0	0	0	0	0	0	0	0	0	0	0	0	0	0	0	0	0	0	0	0
r2_B1	4	19	4	18744	32	278	0	0	0	54939	3307	0	466	19	247	5639	0	0	0	0	0	1296	0	0	0	0	0	0	0	1	25	0	0	45	19	0	0	0	0	0	6666	0
r2_B10	0	51	1	13836	2903	5	0	0	0	31740	2806	0	247	12	1	1130	0	0	0	0	0	3143	0	0	0	0	0	0	0	3	4	0	0	10	8	0	0	0	0	0	1935	0
r2_B11	0	16	2	10121	1125	221	0	0	0	19161	416	0	160	6	0	723	0	0	0	0	0	5367	0	0	0	0	1	0	0	0	4	0	0	13	2	0	0	0	0	0	10	0
r2_B12	0	33	1	18587	777	786	0	0	0	45222	959	0	221	15	0	3215	0	0	0	0	0	3462	0	0	0	1	47	0	1	2	7	0	0	60	3	0	0	0	0	0	18	0
r2_B13	0	36	4	22845	365	453	0	0	0	44794	1287	0	441	13	1	2334	0	0	0	0	0	743	0	0	0	0	7	0	0	7	18	1	0	32	21	0	0	0	0	1	3151	0
r2_B14	0	23	3	16584	401	546	0	0	0	52745	2325	0	264	28	2	7353	0	0	1	0	0	1218	0	0	0	0	2	0	1	0	22	0	0	126	17	0	0	0	0	1	342	0
r2_B15	1	21	5	24916	405	445	0	0	0	60303	2525	0	165	19	2	6968	0	0	0	0	0	2702	0	0	0	1	6	0	0	0	10	0	0	120	11	0	0	0	0	0	449	0
r2_B16	0	33	8	15082	512	296	0	0	0	47297	1556	0	292	19	0	2690	0	0	0	0	0	694	2	0	0	0	4	0	0	6	11	0	0	23	11	0	0	0	0	0	2841	0
r2_B17	1	9	1	21414	222	331	0	0	0	31413	286	0	142	10	2	2186	1	1	0	0	0	6444	0	0	0	0	42	0	0	0	5	0	0	270	10	0	0	0	0	0	681	0
r2_B18	1	12	0	18373	719	769	0	0	0	34817	895	0	185	13	1	2292	0	0	0	0	0	2359	0	0	0	0	0	0	0	9	14	0	0	46	12	0	0	0	0	0	1329	0
r2_B19	1	11	2	21664	383	325	0	0	0	39385	1024	0	468	6	0	1443	0	0	0	0	0	2198	0	0	0	0	1	0	0	3	11	0	0	35	7	0	0	0	0	0	2733	0
r2_B2	1	25	1	24195	40	312	0	0	0	45187	2105	0	742	14	455	2578	0	0	0	0	1	3068	0	0	0	0	0	0	0	1	8	0	0	27	11	0	0	0	0	0	4858	0
r2_B20	0	19	1	1057	297	29	0	0	0	12623	792	0	19	4	12	963	0	0	0	0	0	321	0	0	0	0	0	0	1	3	0	0	0	18	2	0	0	0	0	0	712	0
r2_B21	0	18	2	3089	567	57	0	0	0	29453	1196	0	32	11	9	1696	0	0	0	0	0	839	1	0	0	0	0	0	0	3	10	0	0	53	6	0	0	0	0	0	1268	0
r2_B22	1	15	0	1643	521	44	0	0	0	22983	1052	0	30	5	2	1306	0	0	0	0	0	819	3	0	0	0	0	0	0	1	2	0	0	35	3	0	0	0	0	1	831	0
r2_B23	2	17	1	2216	888	69	0	0	0	28781	1433	0	42	16	8	1695	0	0	0	0	0	1174	0	0	0	0	0	0	0	0	13	0	0	52	11	0	0	0	0	0	1198	0
r2_B24	1	20	0	20438	294	418	0	0	0	31617	636	0	383	15	1	943	0	0	0	0	0	3901	1	0	0	0	0	0	0	1	2	0	0	121	0	0	0	0	0	0	3555	0
r2_B25	1	17	0	16370	485	731	0	0	0	38223	777	0	268	13	0	1563	0	1	0	0	0	1696	0	0	0	0	0	0	0	1	5	0	0	36	5	0	0	0	0	0	2793	0
r2_B26	1	22	0	10321	955	676	0	0	0	48458	960	0	94	19	1	1182	0	0	0	0	0	848	0	0	0	0	0	0	0	0	7	0	0	55	8	0	0	0	0	0	2811	0
r2_B27	1	47	1	14666	525	598	0	0	0	44826	997	0	116	8	2	5700	0	0	0	0	0	727	0	0	0	0	18	0	0	1	4	0	0	54	8	0	0	0	0	0	2482	0
r2_B28	2	7	0	11610	4	528	0	0	0	16256	582	0	179	15	1	1409	0	0	0	0	0	4571	0	0	0	0	0	0	0	1	4	0	0	15	2	0	0	0	0	0	208	0
r2_B29	0	10	0	11519	21	380	0	0	0	20134	844	0	141	4	1	2172	1	0	0	0	0	3035	0	0	0	0	0	0	0	0	6	0	0	33	9	0	0	0	0	0	282	0
r2_B3	1	17	2	15660	290	137	0	0	0	32241	827	0	423	12	4	1264	0	0	0	0	0	4723	0	0	0	0	1	0	0	3	4	0	0	16	8	0	0	0	0	0	1160	0
r2_B30	0	23	3	24469	64	1054	1	0	0	40225	1249	0	349	11	2	4034	1	0	0	0	1	3440	0	0	0	0	0	0	0	0	13	0	0	28	12	0	0	0	0	0	1242	1
r2_B31	1	7	0	23103	58	869	0	0	0	32202	1075	0	583	11	2	2585	0	0	0	0	0	3718	0	0	0	0	0	0	0	4	7	0	0	14	9	0	0	0	0	0	2556	0
r2_B32	1	19	1	17599	1391	261	0	0	0	24718	2881	0	113	15	2	10715	0	0	0	0	0	549	0	0	0	0	0	0	0	2	10	0	0	8	12	0	0	0	0	1	4122	0
r2_B33	3	3	0	15699	436	337	0	0	0	15113	934	0	232	11	0	3622	0	0	0	0	0	300	0	1	0	0	0	0	0	3	4	0	0	9	7	0	0	0	0	0	2021	0
r2_B34	1	11	1	11643	1012	107	0	0	0	12110	1695	0	56	10	0	5233	0	0	0	0	0	342	0	0	0	0	0	0	0	2	3	1	0	4	3	0	1	0	0	0	2576	0
r2_B35	1	8	0	13269	1912	314	0	0	0	31173	829	0	139	13	6	2725	0	0	0	0	0	1925	0	0	0	0	0	0	0	0	4	0	0	24	3	0	0	0	0	0	1049	0
r2_B36	1	16	0	15361	339	207	0	0	1	28019	1109	0	231	9	592	925	0	0	0	0	0	1740	0	0	0	0	0	0	0	0	3	0	0	27	3	0	0	0	0	0	6	0
r2_B37	2	13	0	13594	384	204	0	1	0	23673	1141	0	226	7	552	817	0	0	0	0	0	1549	0	0	0	0	0	0	0	0	3	0	0	28	0	0	0	0	0	0	0	0
r2_B38	0	12	0	12719	437	125	0	0	0	21930	1004	0	156	10	551	734	0	0	0	0	0	1346	0	0	0	0	0	0	0	0	12	0	0	30	4	0	0	0	0	0	0	0
r2_B39	1	22	2	19574	364	235	0	0	0	30159	1147	0	262	2	727	1029	0	0	0	0	0	2205	1	0	0	0	0	0	0	0	9	0	0	39	5	0	0	0	0	0	1	0
r2_B4	1	54	1	38822	664	315	0	0	0	55426	1960	0	1163	22	10	2640	0	0	0	0	0	13295	0	0	0	0	4	0	0	0	13	1	0	61	9	0	0	0	0	0	3392	0
r2_B40	1	16	0	20630	169	578	0	0	0	26854	571	0	541	8	114	624	0	0	0	0	0	2477	0	0	0	0	0	0	0	0	4	0	0	34	3	0	0	0	0	0	1	0
r2_B41	1	18	0	23632	179	619	0	0	0	32195	591	0	614	9	142	605	0	0	0	0	0	2769	0	0	0	0	0	0	0	1	6	0	0	32	8	0	0	0	0	0	2	0
r2_B42	3	3	0	16036	185	559	0	0	0	36098	722	0	382	17	2	288	0	0	0	0	0	899	0	0	1	0	0	0	0	3	6	0	0	42	2	0	0	1	0	0	79	0
r2_B43	4	9	1	16931	241	242	0	0	0	35590	1868	0	258	15	56	378	0	0	0	0	0	3586	0	0	0	0	0	0	0	2	6	0	0	56	2	0	0	0	0	0	620	0
r2_B44	3	13	1	21917	277	243	0	0	0	34065	2281	0	353	20	68	555	0	0	0	0	0	4041	0	0	0	0	0	0	0	0	13	0	0	113	10	0	0	0	0	0	750	0
r2_B45	0	19	0	14726	155	420	0	0	0	41848	1138	0	149	17	4	540	0	0	0	0	0	1789	0	0	0	0	0	0	0	0	11	0	0	130	17	0	0	0	0	0	2655	0
r2_B46	4	48	1	11518	424	451	0	0	0	79489	2286	0	137	30	4	832	0	0	0	0	0	3202	0	0	0	0	0	0	0	2	10	0	0	172	10	0	0	0	0	0	5094	0
r2_B47	0	17	0	44361	276	1979	0	0	0	32694	759	0	2061	18	0	2308	0	0	0	0	0	3073	0	0	0	0	0	0	0	9	9	0	0	40	6	0	0	0	0	0	6811	0
r2_B5	0	78	0	36849	1533	443	0	0	0	64249	1503	0	1078	35	4	2148	0	0	0	0	0	17267	0	0	0	0	9	0	0	5	19	0	0	122	20	0	1	0	0	0	2543	0
r2_B6	0	84	3	26203	1893	181	0	0	0	47071	1653	0	1120	22	2	1522	1	0	0	0	0	21617	0	0	0	0	9	0	0	2	7	0	0	45	6	0	0	0	0	0	4497	0
r2_B7	1	67	1	21863	2113	132	0	0	0	35123	1897	0	982	10	1	1195	0	0	0	0	0	19159	1	0	0	0	5	0	0	0	7	0	0	65	3	0	0	0	0	0	3970	0
r2_B8	3	59	1	24388	1578	178	0	0	0	38282	774	0	713	10	0	1136	0	0	0	0	0	14319	0	0	0	0	4	0	1	0	6	0	0	66	9	0	0	0	0	0	993	0
r2_B9	1	53	2	24521	2644	233	0	0	0	45776	1469	0	913	14	321	1223	0	0	0	0	0	17177	1	0	0	0	9	0	11	3	10	1	0	48	7	0	0	0	0	1	1428	0
r2_C1	1	280	47	6045	15	208	0	0	0	74901	3293	0	0	21	181	4958	0	0	0	0	0	3514	0	0	0	0	1	0	0	0	25	0	0	29	19	0	0	0	0	1	8	0
r2_C10	1	37	9	11806	52	11	0	0	0	30556	586	0	0	8	46	873	0	0	0	0	0	3774	0	0	0	0	6	0	2	1	18	0	0	280	17	0	0	0	0	0	7	0
r2_C11	0	27	16	8186	13	6	0	2	0	25587	723	0	0	6	150	817	0	0	0	0	0	2362	0	0	0	0	2	1	0	0	3	0	0	207	3	0	0	0	0	0	0	0
r2_C12	1	12	4	2040	17	44	0	0	0	21213	1012	0	0	12	10	711	0	0	0	0	0	1988	0	0	0	0	0	0	0	0	23	0	0	151	17	0	0	0	0	0	9	0
r2_C13	0	10	2	563	17	24	0	0	0	10333	439	0	0	4	3	322	0	0	0	0	0	213	0	0	0	0	1	0	0	0	12	0	0	22	8	0	0	0	0	0	1	0
r2_C14	1	42	3	1912	8	61	0	0	0	20490	531	0	0	5	9	910	0	0	0	0	0	4934	0	0	0	0	0	0	0	0	14	0	0	33	6	0	0	0	0	0	3	0
r2_C15	1	56	5	4433	8	123	0	0	0	34914	1384	0	0	12	13	2070	0	0	0	0	0	1310	0	0	0	0	0	1	0	0	10	1	0	15	18	0	0	0	0	0	4	0
r2_C16	0	9	3	1282	1	16	0	0	0	9400	240	0	0	2	4	679	0	0	0	0	0	440	0	0	0	0	0	0	4	0	3	0	0	13	4	0	0	0	0	0	3	0
r2_C17	0	37	5	882	455	5	0	0	0	18712	436	0	0	1	12	556	0	0	0	0	0	2212	0	0	0	0	0	0	0	0	3	0	0	19	2	0	0	0	0	0	2	0
r2_C18	0	71	9	1158	863	17	0	0	0	33823	491	0	0	10	2356	788	0	0	0	0	0	4704	0	0	0	1	0	0	0	0	3	0	0	31	4	0	0	0	0	0	2	0
r2_C19	0	60	10	130	1241	18	0	0	0	22058	588	0	0	7	1	2625	0	0	0	0	0	1357	1	0	0	0	0	0	0	0	3	0	0	2	4	0	0	0	0	0	0	0
r2_C2	0	290	53	8995	17	320	0	1	0	52754	3510	0	0	15	168	5523	0	0	0	0	0	2053	0	0	0	0	0	0	0	0	20	0	0	94	18	0	0	0	0	0	8	0
r2_C20	0	98	17	1626	3438	144	0	0	0	45190	1862	0	0	16	35	8253	0	0	0	0	0	2510	0	0	0	0	0	1	0	0	16	0	0	16	15	0	0	0	0	0	3	0
r2_C21	2	40	4	2555	577	39	0	0	0	41820	793	0	3	17	417	1310	0	0	0	0	0	934	0	0	0	0	0	0	0	0	26	0	0	88	16	0	0	0	0	0	5	0
r2_C22	0	50	9	4053	137	119	0	0	0	46931	980	0	0	10	113	2064	0	0	0	0	0	1552	0	0	0	0	1	0	0	0	9	0	0	200	1	0	0	0	0	0	1	0
r2_C23	0	61	14	4351	999	141	0	0	0	44195	842	0	0	11	719	1564	0	0	0	0	0	3242	0	0	0	0	1	0	1	0	7	0	0	476	12	0	0	0	0	0	9	0
r2_C24	1	50	7	3220	176	153	0	0	0	28478	360	0	0	9	175	554	0	0	0	0	0	2017	0	0	0	0	2	0	1	0	7	0	0	190	3	0	0	0	0	0	3	0
r2_C25	1	11	2	974	145	23	0	0	0	9673	208	0	3	29	25	248	2	0	0	0	0	354	0	0	0	0	0	1	0	0	74	1	0	70	50	0	0	0	0	0	29	0
r2_C26	0	52	5	2769	1195	46	0	0	0	19730	544	0	0	3	180	715	0	0	0	0	0	639	0	0	0	0	0	0	0	0	6	0	0	135	1	0	0	0	0	0	1	0
r2_C27	0	59	10	3324	1092	28	0	0	0	31588	750	0	0	5	23	1180	0	0	0	0	0	1659	0	0	0	0	0	0	0	0	9	0	0	26	3	0	0	0	0	0	5	0
r2_C28	2	57	7	2923	410	94	0	0	0	44595	1222	0	2	14	111	1540	0	0	0	0	0	994	0	0	0	0	0	0	1	0	21	0	0	102	17	0	0	0	0	0	3	0
r2_C29	0	125	9	998	241	21	0	0	0	36668	1289	0	0	10	191	1814	0	0	0	0	0	1025	0	0	0	0	0	0	0	1	9	0	0	32	6	0	0	0	0	0	0	0
r2_C3	0	353	39	13663	361	489	0	0	0	55047	2818	0	1	11	483	4183	0	0	0	0	0	5534	0	0	0	0	2	0	0	0	18	0	0	174	8	0	0	0	0	0	4	0
r2_C30	1	14	3	4238	520	86	0	0	0	20712	538	0	0	13	110	415	0	0	0	0	0	514	0	0	0	0	0	1	0	0	4	0	0	49	3	0	0	0	0	0	1	0
r2_C31	0	151	3	1321	751	13	0	1	0	21923	911	0	0	4	354	661	0	0	0	0	0	1147	0	0	0	0	0	0	0	0	6	0	0	8	7	0	0	0	0	0	3	0
r2_C32	0	57	5	2970	1158	55	0	0	0	41862	1009	0	0	12	2445	1012	0	0	0	0	0	1998	0	0	0	0	0	0	0	0	8	0	0	32	2	0	0	0	0	0	0	0
r2_C33	0	84	2	4542	1325	255	0	0	0	39172	711	0	0	11	276	1147	0	0	0	0	0	1799	0	0	0	0	0	1	0	0	9	0	0	110	4	0	0	0	0	0	2	0
r2_C4	0	82	7	3552	13	69	0	0	0	16621	919	0	1	4	40	1392	0	0	0	0	0	2150	0	0	1	0	2	0	0	0	10	0	0	10	3	0	0	0	0	0	1	0
r2_C5	1	79	12	3240	14	135	0	0	0	12960	1147	0	1	4	12	797	0	0	0	0	0	1820	0	0	0	0	0	0	0	0	22	0	0	15	4	0	0	0	0	0	8	0
r2_C6	0	116	13	6621	32	56	0	0	0	30921	739	0	0	21	78	1843	0	0	0	0	0	4725	1	0	0	0	0	0	0	0	33	0	0	37	34	0	0	0	0	0	8	0
r2_C7	1	243	41	11327	14	531	0	0	0	68720	2101	0	0	12	25	4467	0	0	0	0	0	2084	0	0	0	0	10	0	0	0	11	0	0	62	7	0	0	0	0	0	2	0
r2_C8	0	38	22	15921	194	44	0	0	0	38842	422	0	0	5	5	844	0	0	1	0	0	6668	0	0	0	0	16	1	4	0	9	0	0	280	3	0	0	0	0	0	3	0
r2_C9	0	64	18	13061	127	15	0	0	0	40932	763	0	0	10	1279	1228	0	0	0	0	0	6247	0	0	0	1	13	0	398	0	10	0	0	343	7	0	0	0	0	0	3	0
