sample	Acidobacteria_Gp19	Acidobacteria_Gp21	Acidobacteria_Gp5	Acidobacteria_Gp9	Actinobacteria	Alphaproteobacteria	Bacilli	Bacteroidia	Betaproteobacteria	Caldilineae	Chloroplast	Clostridia	Cytophagia	Deinococci	Deltaproteobacteria	Epsilonproteobacteria	Erysipelotrichia	Flavobacteriia	Fusobacteriia	Gammaproteobacteria	Halobacteria	Methanobacteria	Mollicutes	Negativicutes	Opitutae	Planctomycetia	Sphingobacteriia	Subdivision5	Synergistia	Thermoprotei	Verrucomicrobiae
r1_1	0	0	0	0	7383	0	27088	20486	24	0	9	62991	0	0	0	0	6413	0	1	17	0	0	0	7939	0	0	6	0	0	0	3
r1_10	0	0	0	0	3075	0	194	8389	56	0	1	19334	0	0	0	0	1891	0	0	5	0	0	0	2559	0	0	1	0	0	0	1
r1_11	0	0	0	0	14116	2	1503	8755	44	0	1	41325	0	0	1	0	5734	0	0	52	0	0	0	2454	0	0	22	0	0	3	6
r1_12	0	0	0	0	4070	16	799	18783	231	0	2	34554	0	0	0	0	2885	0	0	52	0	0	0	6469	0	0	8	1	0	0	3
r1_13	0	0	0	0	3195	51	2534	26371	104	0	20	42821	0	0	1	0	3839	0	0	150	0	0	0	6359	0	0	7	0	0	0	3
r1_14	0	0	0	0	3115	15	8247	7260	17	0	1	41960	0	0	0	0	2055	0	2	33	0	0	0	3178	0	0	5	0	0	1	6
r1_15	0	0	0	0	4300	534	1243	16953	256	0	2	41209	0	0	0	0	2506	0	1	20	0	0	0	6326	0	0	7	0	0	3	3
r1_16	0	0	0	0	4463	667	3271	12137	174	0	0	35520	0	0	0	0	1734	0	0	29	0	0	0	4128	0	0	11	0	0	0	3
r1_17	0	0	0	0	4572	345	5904	10667	119	0	0	45606	0	0	0	0	2459	0	0	61	0	0	0	3643	0	1	17	0	0	3	2
r1_18	0	0	0	0	5382	53	7980	6893	40	0	0	33305	0	0	0	0	4203	0	0	31	0	0	0	2808	0	0	12	0	0	0	5
r1_19	0	0	0	0	4376	198	5250	9489	103	0	0	34129	0	0	1	0	3101	0	0	17	0	0	0	4778	0	0	9	0	0	1	2
r1_2	0	0	0	0	8464	1	8857	12297	38	0	10	59211	0	0	0	0	10010	0	0	191	0	0	0	3622	0	0	13	0	0	2	6
r1_20	0	0	0	0	12808	76	7236	22543	66	0	0	74224	0	0	0	0	6520	0	2	474	0	0	0	3271	0	0	16	0	0	1	5
r1_21	0	0	0	0	19625	167	5714	15286	195	0	1	64527	0	0	1	0	4382	0	0	64	0	0	0	4980	0	0	19	0	0	2	9
r1_22	0	0	0	0	11181	118	7359	19196	165	0	1	50373	0	1	0	0	5282	0	0	80	0	0	0	10206	0	0	22	0	0	0	3
r1_23	0	0	0	0	8127	295	1439	22027	255	0	0	55026	0	0	1	0	7241	0	0	33	0	0	0	13416	0	0	15	0	0	1	3
r1_24	0	0	0	0	7191	592	2723	23391	223	0	1	38172	0	0	0	0	2854	0	1	23	0	0	0	15435	0	0	9	0	0	0	5
r1_25	0	0	0	0	4470	1098	3008	13535	152	0	0	27141	0	0	0	0	2162	0	0	25	0	0	0	7436	0	0	12	0	0	3	2
r1_26	0	0	0	0	4493	1150	963	10680	184	0	0	31919	0	0	1	0	2368	0	0	86	0	0	0	5535	0	0	8	0	0	1	4
r1_27	0	0	0	0	6435	414	417	10161	238	0	1	29073	0	0	0	0	1575	0	0	374	0	0	0	2803	0	0	17	0	0	1	6
r1_28	0	0	0	0	5000	50	333	9465	62	0	0	24694	0	0	1	0	2241	0	0	14	0	0	0	3725	0	0	7	0	0	1	2
r1_29	0	0	0	0	6443	35	442	5437	51	0	0	32365	0	0	6	0	2202	1	0	222	0	0	0	1560	0	0	145	0	0	11	47
r1_3	0	0	0	0	4759	5	1304	20419	209	0	5	53559	0	0	0	0	6246	0	0	19	0	0	0	6164	0	0	12	0	0	1	6
r1_30	0	0	0	0	7029	9	628	6057	4	0	6	43709	0	0	0	0	2987	0	0	22	0	0	0	448	0	0	8	0	0	1	4
r1_31	0	0	0	0	9448	60	1139	16699	109	0	1	41685	0	0	0	0	3202	0	0	19	0	0	0	2601	0	0	13	0	0	3	3
r1_32	0	0	0	0	6462	22	2017	6756	78	0	0	43448	0	0	0	0	3104	1	0	18	0	0	0	4991	0	0	15	0	0	1	7
r1_33	0	0	0	0	7559	111	3166	10018	126	0	1	57116	0	0	0	0	5671	0	0	23	0	0	0	5774	0	0	15	0	0	3	7
r1_34	0	0	0	0	9968	324	5772	12377	136	0	8	72489	0	0	1	0	9510	0	3	107	0	0	0	12220	0	0	48	0	0	2	15
r1_35	0	0	0	0	7183	1581	3388	14854	357	0	1	78543	0	0	0	0	7545	0	0	106	0	0	0	10854	0	0	77	0	0	4	19
r1_36	0	0	0	0	9462	1576	1671	21879	537	0	2	90188	0	0	1	0	5761	0	0	50	0	0	0	9631	0	0	35	0	0	3	14
r1_37	0	0	0	0	204	16	246	473	7	0	0	2461	0	0	6	0	143	2	0	226	0	0	0	88	0	0	146	0	0	3	55
r1_38	0	0	0	0	10631	9	749	3993	13	0	1	43164	0	0	0	0	3647	0	0	13	0	0	0	11013	0	0	8	0	0	0	5
r1_39	0	0	0	0	12494	6	2622	5887	34	0	1	47468	0	0	0	0	3448	0	0	7	0	0	0	5997	0	0	19	0	0	1	2
r1_4	0	0	0	0	4561	6	6693	19774	74	0	1	31675	0	0	1	0	2036	0	0	14870	0	0	0	5409	0	0	12	0	0	0	4
r1_40	0	0	0	0	10274	8	1073	5040	69	0	1	37595	0	0	0	0	3435	0	0	23	0	0	0	5217	0	0	13	0	0	1	5
r1_41	0	0	0	0	5685	33	2525	10641	41	0	0	28083	0	0	1	0	2380	0	0	11	0	0	0	8057	0	0	8	0	0	0	2
r1_42	0	0	0	0	14735	83	2391	26454	100	0	8	85253	0	0	0	0	14720	0	0	33	0	0	0	6672	0	1	17	0	0	1	6
r1_43	0	0	0	0	11035	4	2150	1281	6	0	1	28987	0	0	0	0	5865	0	0	32	0	0	0	1118	0	0	12	0	0	0	5
r1_44	0	0	0	0	8497	5	981	1875	19	0	0	26173	0	0	7	0	1607	1	0	164	0	0	0	1254	0	0	122	0	0	11	51
r1_45	0	0	0	0	118	11	136	260	2	0	0	1422	0	0	2	0	85	3	0	136	0	0	0	45	0	1	116	0	0	10	27
r1_46	0	0	0	0	6266	9	1617	809	8	0	1	20529	0	0	4	0	1777	0	0	187	0	0	0	775	0	0	102	0	0	2	38
r1_47	0	0	0	0	11559	612	1763	16446	136	0	3	64573	0	0	0	0	5617	0	0	26	0	0	0	5201	0	0	20	0	0	1	3
r1_48	0	0	0	0	11645	486	8906	13003	132	0	1	69727	0	0	0	1	3599	0	0	62	0	0	0	8294	0	0	23	0	0	1	10
r1_49	0	0	0	0	18057	41	5994	5323	46	0	0	88854	0	0	0	0	15129	1	0	30	0	0	0	8396	0	0	18	0	0	1	2
r1_5	0	0	0	0	2751	1	7197	15261	277	0	0	26221	0	0	0	0	2557	0	0	663	0	0	0	4046	0	0	5	0	0	0	3
r1_50	0	0	0	0	7561	22	2634	13405	63	0	0	49978	0	0	2	0	5641	0	0	15	0	0	0	3371	0	0	9	0	0	1	2
r1_51	0	0	0	0	13575	88	877	11450	39	0	0	73403	0	0	0	0	6734	0	1	57	0	0	0	11478	0	0	38	0	0	3	7
r1_52	0	0	0	0	98	0	78	153	3	0	0	909	0	0	0	0	48	0	0	82	0	0	0	31	0	0	40	0	0	1	19
r1_53	0	0	0	0	6061	16	3629	8686	78	0	3	33367	0	0	0	0	2318	0	0	20	0	0	0	1252	0	0	12	0	0	0	3
r1_54	0	0	0	0	9556	39	2505	13490	87	0	1	40292	0	0	1	0	3928	0	0	23	0	0	0	1786	0	0	12	0	0	0	4
r1_55	0	0	0	0	8584	167	4213	16638	183	0	9	49251	0	0	0	0	4992	0	1	49	0	0	0	4219	0	0	37	0	0	5	11
r1_56	0	0	0	0	22619	11	1611	160	2	0	0	54620	0	0	1	0	12230	0	0	49	0	0	0	390	0	0	44	0	0	0	14
r1_57	0	0	0	0	4977	204	646	13248	240	0	3	35022	0	0	1	0	2865	0	0	17	0	0	0	4477	0	0	9	0	0	1	0
r1_58	0	0	0	0	190	34	175	415	8	0	0	2173	0	0	1	0	122	1	0	244	0	0	0	96	0	0	141	0	0	2	53
r1_59	0	0	0	0	8553	8	751	6667	67	0	0	27807	0	0	0	0	2064	0	1	20	0	0	0	3684	0	0	3	0	0	0	2
r1_6	0	0	0	0	2523	1	278	16572	282	0	0	34504	0	0	0	0	3530	0	0	15	0	0	0	3467	0	0	11	0	0	0	3
r1_60	0	0	0	0	34594	18	3405	15430	69	0	2	124348	0	0	2	0	12085	0	0	117	0	0	0	7064	0	0	39	0	0	1	14
r1_61	0	0	0	0	4603	151	4493	29749	310	0	8	65986	0	0	0	0	4124	0	0	70	0	0	0	3140	0	0	17	0	0	0	6
r1_63	0	0	0	0	9630	53	4176	21067	293	0	1	62753	0	0	0	0	3642	0	0	66	0	0	0	4494	0	0	16	0	0	2	10
r1_64	0	1	0	0	22877	5	5472	6049	37	0	7	65868	0	0	0	0	8163	0	0	65	0	0	0	788	0	0	11	0	0	3	14
r1_65	0	0	0	0	12691	52	1997	9251	123	0	3	47635	0	0	2	0	3288	0	0	104	0	0	0	2875	0	0	50	0	0	2	25
r1_66	0	0	0	0	4546	297	590	20453	241	0	0	45032	0	0	2	0	2749	0	0	16	0	0	0	3281	0	0	11	0	0	2	2
r1_67	0	0	0	0	8916	275	1221	8570	72	0	1	35947	0	0	0	0	2712	0	0	8	0	0	0	4782	0	0	8	0	0	1	4
r1_68	0	0	0	0	7676	34	1448	8638	100	0	0	42448	0	0	0	0	2577	0	0	12	0	0	0	3302	0	0	8	0	0	0	1
r1_7	0	0	0	0	430	9	492	1347	11	0	0	4264	0	0	1	0	153	1	0	108	0	0	0	393	0	1	82	0	0	2	37
r1_8	0	0	0	0	2781	2	8062	10804	165	0	1	37175	0	0	0	0	2559	0	0	17	0	0	0	5094	0	0	9	0	0	2	2
r1_9	0	0	0	0	0	0	0	1	0	0	0	4	0	0	0	0	3	0	0	0	0	0	0	0	0	0	0	0	0	0	0
r1_B1	0	0	1	0	3506	3	1389	19604	281	0	0	56921	0	0	475	0	5784	0	0	359	0	0	0	41	0	0	94	0	0	2	6743
r1_B10	0	0	0	0	5893	3	3211	14807	5	0	1	32388	0	0	253	0	1153	0	0	25	0	0	0	9	0	1	28	0	0	1	1943
r1_B11	0	0	0	0	1595	1	5522	10732	223	0	0	19753	0	0	165	0	748	0	0	22	0	0	0	16	0	0	17	0	0	0	12
r1_B12	0	0	0	0	1835	1	3553	19297	799	0	0	46139	0	0	232	0	3288	0	0	61	0	0	0	61	0	0	17	0	0	1	20
r1_B13	0	0	0	0	1842	5	805	23997	458	0	1	45978	0	0	450	0	2392	1	0	117	0	0	0	39	0	0	49	0	0	3	3184
r1_B14	0	0	1	0	2955	6	1297	17258	556	0	0	54503	0	0	271	0	7531	0	0	108	0	0	0	114	0	2	77	0	0	7	369
r1_B15	0	0	0	0	3144	2	2798	25878	456	0	1	62354	0	0	167	0	7123	0	0	94	0	0	0	105	0	0	57	0	0	4	470
r1_B16	0	0	0	0	2227	2	755	15871	299	0	0	48823	0	0	305	0	2762	0	0	71	0	1	0	43	0	0	46	0	0	3	2899
r1_B17	0	0	0	0	566	2	6685	22684	338	0	4	32762	0	0	146	0	2263	0	1	82	0	0	0	278	0	0	28	0	0	1	695
r1_B18	0	0	0	0	1700	5	2431	19208	775	0	0	36007	0	0	189	0	2358	0	0	31	0	0	0	26	0	0	30	0	0	2	1353
r1_B19	0	0	0	0	1501	4	2263	22462	332	0	0	40333	0	0	477	0	1474	0	0	43	0	0	0	31	0	0	32	0	0	1	2769
r1_B2	0	0	0	0	2294	1	3242	25758	330	0	0	47813	0	0	791	0	2701	0	0	506	0	0	0	31	0	0	31	0	0	1	5043
r1_B20	0	0	0	0	1169	0	323	1117	30	0	0	13021	0	0	19	0	989	0	0	23	0	0	0	18	0	0	9	0	0	1	725
r1_B21	0	0	0	0	1905	1	921	3299	61	0	0	31034	0	0	33	0	1787	0	0	47	0	1	0	50	0	0	30	0	0	3	1325
r1_B22	0	0	0	0	1674	0	842	1733	44	0	0	23680	0	0	29	0	1338	0	0	22	0	3	0	33	0	1	23	0	0	0	832
r1_B23	0	0	0	0	2518	2	1271	2377	76	0	0	30465	0	0	43	0	1770	1	0	52	0	0	0	56	0	0	38	0	0	2	1246
r1_B24	0	0	0	0	1038	0	4221	22239	449	0	0	33809	0	0	414	0	1011	0	0	18	0	1	0	122	0	0	19	0	0	1	3778
r1_B25	0	0	0	0	1343	1	1759	17283	752	0	0	39730	0	0	273	0	1610	0	1	33	0	0	0	25	0	0	14	0	0	0	2866
r1_B26	0	0	0	0	2040	2	889	10817	684	0	0	49906	0	0	96	0	1217	0	0	34	0	0	0	34	0	0	36	0	0	1	2843
r1_B27	0	0	0	0	1630	1	777	15358	608	0	0	46047	0	0	116	0	5822	0	0	38	0	0	0	44	0	0	10	0	0	0	2516
r1_B28	0	0	0	0	673	0	5224	13673	602	0	9	19001	0	0	206	0	1590	0	0	10	0	0	0	14	0	0	3	0	0	0	234
r1_B29	0	0	0	0	940	1	3130	12177	391	0	0	20928	0	0	147	0	2231	0	0	34	0	0	0	23	0	0	24	0	0	1	290
r1_B3	0	0	1	0	1219	1	4958	16731	138	0	2	33601	0	0	438	0	1331	0	0	23	0	0	0	17	0	0	13	0	0	0	1195
r1_B30	0	0	0	0	1408	7	3556	25495	1080	1	2	41410	0	0	364	0	4118	1	0	68	0	0	0	20	0	1	43	0	0	1	1263
r1_B31	0	0	0	0	1204	3	3884	24437	902	0	0	33516	0	0	604	0	2663	0	0	38	0	0	0	7	0	0	37	0	0	2	2636
r1_B32	0	0	0	0	4445	1	580	18424	266	0	0	25413	0	0	116	0	10878	0	0	44	0	0	0	19	0	0	38	0	0	4	4168
r1_B33	0	0	0	0	1488	2	350	17043	371	0	0	16570	0	0	259	0	3875	0	0	27	0	0	1	13	0	0	17	0	0	2	2165
r1_B34	0	0	0	0	2808	0	361	12189	114	0	0	12502	0	0	57	0	5332	0	0	11	0	0	0	4	0	0	12	0	1	2	2618
r1_B35	0	0	0	0	2890	3	2053	14282	330	0	0	32527	0	0	150	0	2882	0	0	25	0	0	0	27	0	0	9	0	0	3	1099
r1_B36	0	0	0	0	1525	2	1797	15964	210	0	0	28973	0	0	239	0	960	0	0	635	0	0	0	24	0	0	14	0	0	1	12
r1_B37	0	0	0	0	1586	0	1607	14125	208	0	0	24392	0	0	229	1	836	0	0	581	0	0	0	17	0	0	6	0	0	0	5
r1_B38	0	0	0	0	1514	0	1416	13262	129	0	1	22914	0	0	160	0	755	0	0	599	0	0	0	11	0	0	19	0	0	0	2
r1_B39	0	0	0	0	1614	0	2318	20505	239	0	0	31344	0	0	274	0	1075	0	0	780	0	0	0	17	0	0	16	0	0	1	7
r1_B4	0	0	0	0	2780	4	13557	40523	320	0	11	56683	0	0	1187	0	2701	0	0	46	0	0	0	66	0	0	44	0	0	1	3397
r1_B40	0	0	0	0	790	0	2553	21405	587	0	0	27541	1	0	552	0	634	0	0	129	0	0	0	16	0	0	11	0	0	0	3
r1_B41	0	0	0	0	843	0	2865	24758	639	0	0	33506	0	0	635	0	639	0	0	178	0	0	0	19	0	0	18	1	0	1	6
r1_B42	0	0	0	0	994	0	965	17055	593	0	0	38308	0	0	407	0	322	1	0	21	0	0	0	32	0	0	14	0	0	1	88
r1_B43	0	0	0	0	2265	2	3758	17764	250	0	1	37411	0	0	273	0	411	0	0	81	0	0	0	57	0	0	11	0	0	0	637
r1_B44	0	0	1	0	2743	6	4267	23019	258	0	0	35847	0	0	372	0	594	1	0	120	0	0	0	124	0	0	26	0	0	2	812
r1_B45	0	0	0	0	1416	2	1893	15556	441	0	0	44113	0	0	158	0	583	1	0	46	0	0	0	115	0	0	55	0	0	2	2743
r1_B46	0	0	0	0	2957	7	3378	12084	467	0	0	82462	0	0	139	0	870	0	0	75	0	0	0	141	0	0	43	0	0	1	5219
r1_B47	0	0	0	0	1119	2	3209	46641	2014	0	0	34293	0	0	2123	0	2376	0	0	40	0	0	0	36	0	0	21	0	0	1	6968
r1_B5	0	0	0	0	3246	9	17812	39077	455	0	1	66428	0	0	1110	0	2240	0	0	85	0	0	0	133	0	0	47	0	1	3	2597
r1_B6	0	0	0	0	3713	5	21996	27651	183	0	2	48059	0	0	1134	0	1555	0	0	40	0	0	0	51	0	0	28	0	0	1	4505
r1_B7	0	0	0	0	4189	1	19608	23268	137	0	0	35959	0	0	1005	0	1239	0	0	24	0	1	0	67	0	0	7	0	0	1	3979
r1_B8	0	0	0	0	2490	3	14667	25744	179	0	2	39313	0	0	723	0	1174	0	0	30	0	0	0	71	0	0	12	0	0	2	1006
r1_B9	0	0	0	0	4296	3	17737	26363	240	0	0	47173	0	0	934	0	1282	0	0	392	0	1	0	56	0	0	31	0	0	1	1454
r1_C1	0	0	0	0	3718	1	3704	6287	214	0	0	77351	0	0	1	0	5200	0	0	300	0	0	0	44	0	1	87	0	0	11	28
r1_C10	0	0	0	0	726	1	3902	12082	11	0	1	31432	0	0	4	0	964	0	0	131	0	0	0	291	0	0	71	0	0	2	16
r1_C11	0	0	0	0	793	1	2475	8438	6	0	1	26480	0	0	1	2	958	0	0	186	0	0	0	213	0	0	22	0	0	0	6
r1_C12	0	0	0	0	1113	5	2116	2174	46	0	0	22146	0	0	0	0	794	0	0	106	0	0	0	167	0	0	57	0	0	1	20
r1_C13	0	0	0	0	499	2	253	627	24	0	0	10801	0	0	1	0	365	0	0	65	0	0	0	27	0	0	33	0	0	4	11
r1_C14	0	0	0	0	615	3	5152	2025	64	0	0	21465	0	0	0	0	963	0	0	54	0	0	0	37	0	0	59	0	0	1	14
r1_C15	0	0	0	0	1503	2	1383	4600	129	0	0	35979	0	0	0	0	2179	0	0	44	0	0	0	20	0	0	29	0	0	3	8
r1_C16	0	0	0	0	258	2	463	1329	16	0	0	9650	0	0	1	0	708	0	0	22	0	0	0	17	0	1	10	0	0	2	3
r1_C17	0	0	0	0	966	1	2257	902	6	0	2	19044	0	0	0	0	573	0	0	20	0	0	0	17	0	0	4	0	0	2	2
r1_C18	0	0	0	0	1490	1	4986	1233	18	0	1	35207	0	0	0	0	854	0	0	2465	0	0	0	32	0	0	13	0	0	1	2
r1_C19	0	0	0	0	1947	0	1411	144	19	0	0	22559	0	0	0	0	2687	0	0	22	0	0	0	2	0	0	10	0	0	2	5
r1_C2	0	0	0	0	3937	12	2208	9264	323	0	0	54141	0	0	1	1	5738	0	0	255	0	0	0	119	0	0	82	0	0	5	29
r1_C20	0	0	0	0	5551	1	2634	1704	146	0	0	46446	0	0	0	0	8497	0	0	64	0	0	0	9	0	0	39	0	0	2	7
r1_C21	0	0	1	0	1498	12	1021	2730	40	0	0	43185	0	0	6	0	1385	0	0	540	0	0	0	105	0	0	81	0	0	2	29
r1_C22	0	0	0	0	1218	4	1617	4171	122	0	1	48121	0	0	0	0	2154	0	0	156	0	0	0	217	0	0	23	0	0	2	5
r1_C23	0	0	0	0	1971	15	3367	4496	142	0	0	45352	0	0	3	0	1652	0	0	773	0	0	0	505	0	0	36	0	0	2	14
r1_C24	0	0	0	0	613	1	2076	3292	158	0	0	29132	0	0	2	0	596	0	0	202	0	0	0	190	0	0	17	0	0	1	7
r1_C25	0	0	0	0	528	63	507	1325	24	0	0	11203	0	0	5	0	376	0	0	327	0	0	0	132	0	0	195	0	0	11	62
r1_C26	0	0	0	0	1836	4	681	2880	47	0	3	20376	0	0	0	0	750	0	0	193	0	0	0	138	0	0	10	0	0	0	2
r1_C27	0	0	0	0	1940	4	1737	3402	28	0	1	32188	0	0	0	0	1214	1	0	60	0	0	0	32	0	0	18	0	0	2	10
r1_C28	0	0	0	0	1748	10	1069	3078	96	0	0	45716	0	0	4	0	1622	0	0	194	0	0	0	109	0	0	52	0	0	2	15
r1_C29	0	0	0	0	1741	2	1084	1066	22	0	0	37998	0	0	1	0	1975	0	0	228	0	0	0	35	0	0	19	0	0	2	5
r1_C3	0	0	0	0	3616	4	5713	13946	501	0	1	56228	0	0	1	0	4324	0	0	535	0	0	0	183	0	0	37	0	0	2	13
r1_C30	0	0	0	0	1209	2	591	4705	98	0	0	23040	0	0	1	0	483	0	0	140	0	0	0	54	0	0	16	0	0	0	2
r1_C31	0	0	0	0	1874	0	1184	1387	14	0	0	22508	0	0	0	1	686	0	0	393	0	0	0	10	0	0	14	0	0	0	10
r1_C32	0	0	0	0	2388	1	2150	3209	61	0	0	44366	0	0	0	0	1103	0	0	2632	0	0	0	34	0	0	14	0	0	4	6
r1_C33	0	0	0	0	2183	0	1847	4634	260	0	0	39903	0	0	0	0	1177	0	0	318	0	0	0	114	0	0	20	0	0	2	12
r1_C4	0	0	0	0	1049	1	2208	3632	70	0	1	17021	0	0	2	0	1443	0	0	57	0	0	0	10	0	0	13	0	0	1	4
r1_C5	0	0	1	0	1326	7	1956	3465	141	0	0	13925	0	0	2	0	886	0	0	64	0	0	0	22	0	0	47	0	0	1	14
r1_C6	0	0	0	0	1002	10	4967	6974	54	0	0	32551	0	0	5	0	1950	0	0	276	0	0	0	62	0	0	147	0	0	6	42
r1_C7	0	0	0	0	2423	0	2196	11577	539	0	1	70097	0	0	0	0	4779	0	0	88	0	0	0	65	0	0	34	0	0	0	13
r1_C8	0	0	1	0	684	2	6851	16269	45	0	0	39860	0	0	2	0	896	0	0	84	0	0	0	291	0	0	26	0	0	0	15
r1_C9	0	0	0	0	996	7	6483	13288	16	0	5	41926	0	0	1	0	1346	0	0	1772	0	0	0	354	0	0	29	0	0	1	15
r2_1	0	1	2	0	7233	1	26505	19720	23	0	9	61182	0	0	0	0	6291	0	1	17	0	0	0	7873	0	0	1	0	0	146	3
r2_10	0	0	2	0	3041	2	188	8150	55	0	1	19019	0	0	0	0	1867	0	0	6	0	0	0	2553	0	0	2	0	0	31	1
r2_11	0	0	3	0	13904	5	1477	8402	43	0	1	40606	0	0	0	0	5625	0	0	34	0	0	0	2436	1	0	2	0	0	104	4
r2_12	0	0	2	0	4007	17	772	18152	226	0	2	33905	0	0	0	0	2834	0	0	30	0	0	0	6378	0	0	4	0	0	42	1
r2_13	0	0	1	0	3134	42	2494	25616	103	0	19	41956	0	0	0	0	3792	0	0	135	0	0	0	6333	0	0	1	0	0	67	0
r2_14	0	0	1	0	2967	11	7849	6870	17	0	1	39794	0	0	0	0	1959	0	2	24	0	0	0	3089	0	0	1	0	0	102	1
r2_15	0	0	2	0	4198	409	1190	16208	244	0	2	40077	0	0	0	0	2449	0	1	7	0	0	0	6175	0	0	4	0	0	89	1
r2_16	0	0	2	0	3908	469	2803	10224	151	0	0	30939	0	0	0	0	1479	0	0	11	0	0	0	3548	0	0	5	0	0	255	1
r2_17	0	0	1	0	4458	268	5796	10261	114	0	0	44730	0	0	0	0	2419	0	0	39	0	0	0	3623	1	0	7	0	0	64	1
r2_18	0	0	2	0	5306	45	7881	6560	40	0	0	32713	0	0	0	0	4140	0	0	19	0	0	0	2786	0	0	2	0	0	70	2
r2_19	0	0	2	0	4312	148	5140	8982	104	0	0	33547	0	0	1	0	3052	1	0	9	0	0	0	4740	0	0	1	0	0	60	1
r2_2	0	0	3	0	8296	3	8680	11803	37	0	9	57992	0	0	0	0	9865	0	0	180	0	0	0	3594	0	0	1	0	0	107	5
r2_20	0	0	3	0	12572	72	7050	21739	67	0	0	72722	0	0	0	0	6428	0	2	453	0	0	0	3288	0	0	1	0	0	119	1
r2_21	0	0	2	0	19367	141	5572	14549	190	0	1	63405	0	0	0	0	4317	0	0	48	0	0	0	4956	0	0	4	0	0	128	3
r2_22	0	0	3	0	10824	101	7050	17939	159	0	1	48845	0	1	1	0	5143	0	0	62	0	0	0	10006	0	0	4	0	0	114	1
r2_23	0	0	5	0	7841	233	1360	20646	248	0	0	53221	0	0	1	0	7021	0	0	22	0	0	0	13106	0	0	4	0	0	123	2
r2_24	0	0	2	0	6896	442	2591	21680	215	0	0	36530	0	0	0	0	2732	0	1	14	0	0	0	14865	2	0	6	0	0	144	2
r2_25	0	0	3	0	4339	827	2860	12397	144	0	0	26015	0	0	0	0	2085	0	0	13	0	0	0	7181	0	0	3	0	0	66	2
r2_26	0	0	4	0	4408	901	952	10172	181	0	0	31276	0	0	0	0	2326	0	0	83	0	0	0	5480	0	0	2	0	0	52	0
r2_27	0	0	3	0	6330	328	401	9709	237	0	1	28497	0	0	0	0	1553	0	0	357	0	0	0	2793	0	0	8	0	0	50	2
r2_28	0	1	2	0	4910	47	302	8996	62	0	0	24366	0	0	0	0	2198	0	0	4	1	0	0	3686	0	0	3	0	0	43	1
r2_29	0	1	2	0	6026	52	327	4755	45	0	0	29697	0	0	1	0	2022	0	0	90	0	0	0	1456	0	0	42	0	0	147	15
r2_3	0	0	4	0	4679	5	1261	19762	206	0	5	52181	0	0	0	0	6174	0	0	15	0	0	0	6185	1	0	2	0	0	68	4
r2_30	0	0	2	0	6919	11	612	5726	4	0	6	42932	0	0	0	0	2920	0	0	6	0	0	0	451	0	0	3	0	0	50	0
r2_31	0	0	2	0	9314	57	1107	15697	108	0	1	40866	0	0	0	0	3150	0	0	8	0	0	0	2562	0	0	2	0	0	74	0
r2_32	0	1	1	0	6320	22	1968	6221	78	0	0	42558	0	0	0	0	3051	0	0	13	0	0	0	4931	0	0	1	0	0	73	0
r2_33	0	0	2	0	7356	80	3066	9471	121	0	1	55584	0	0	0	0	5560	0	0	13	0	0	0	5672	5	0	2	0	0	93	2
r2_34	0	1	2	0	9310	247	5414	10829	132	0	7	69336	0	0	1	0	9119	0	3	39	0	1	0	11937	0	0	9	0	0	126	3
r2_35	0	0	2	0	6904	1221	3207	13608	345	0	1	75250	0	0	0	0	7275	0	0	37	0	0	0	10608	2	0	15	0	0	158	6
r2_36	0	2	1	0	9314	1204	1627	20513	530	0	2	88440	0	0	1	0	5702	0	0	23	0	0	0	9584	0	0	6	0	0	122	5
r2_37	0	0	0	0	80	57	104	193	4	0	0	1117	0	0	0	0	69	0	0	88	0	0	0	38	0	0	53	0	0	42	19
r2_38	0	0	4	0	10270	12	731	3495	11	0	1	41562	0	0	0	0	3530	0	0	6	0	0	0	10735	3	0	2	0	0	168	2
r2_39	0	0	2	0	12192	12	2540	5388	32	0	1	46230	0	0	0	0	3360	0	0	5	0	0	0	5914	2	0	2	0	0	121	1
r2_4	0	0	1	0	4475	9	6525	18858	70	0	1	30969	0	0	1	0	2002	0	0	14662	0	0	0	5355	0	0	4	0	0	83	0
r2_40	0	0	1	0	10107	8	1050	4675	70	0	1	36778	0	0	0	0	3377	0	0	15	0	0	0	5174	0	0	4	0	0	64	3
r2_41	0	0	0	0	5458	29	2404	9864	41	0	0	26816	0	0	0	0	2273	0	0	5	0	0	0	7819	1	0	0	0	0	97	2
r2_42	0	0	3	0	14466	79	2328	24682	98	0	7	83338	0	0	0	0	14479	0	0	15	0	0	0	6667	1	2	3	0	0	139	2
r2_43	0	0	1	0	10884	7	2118	1138	7	0	0	28460	0	0	0	0	5819	0	0	7	0	0	0	1114	0	0	3	0	0	58	1
r2_44	0	0	2	0	8151	40	885	1489	17	0	0	24563	0	0	3	0	1491	0	0	68	0	0	0	1186	0	0	34	0	0	132	16
r2_45	0	0	1	0	40	27	63	107	3	0	0	728	0	0	0	0	41	1	0	49	0	0	0	23	0	0	24	0	0	31	9
r2_46	0	0	1	0	6011	33	1460	565	5	0	1	18971	0	0	3	0	1677	0	0	61	0	0	0	725	1	1	32	0	0	95	15
r2_47	0	1	4	0	11306	498	1706	15429	129	0	3	62460	0	0	0	0	5506	0	0	16	0	0	0	5223	2	0	2	0	0	135	2
r2_48	0	0	5	0	11489	369	8749	12119	125	0	1	68131	0	0	0	1	3537	0	0	51	0	0	0	8312	0	0	2	0	0	136	2
r2_49	0	1	5	0	17729	39	5847	4803	43	0	0	87389	0	0	0	0	14950	0	0	16	0	1	0	8380	1	0	1	0	0	157	0
r2_5	0	0	1	0	2662	5	6937	14509	270	0	0	25151	0	0	0	0	2481	0	0	639	0	0	0	3947	0	0	1	0	0	57	1
r2_50	0	0	2	0	7239	17	2496	12470	60	0	0	47538	1	0	0	0	5398	0	0	4	0	0	0	3262	0	0	2	0	0	165	0
r2_51	0	2	5	0	13191	76	831	10677	37	0	0	71177	0	0	0	0	6575	0	1	24	0	0	0	11356	2	0	12	0	0	162	3
r2_52	0	0	0	0	59	17	45	65	4	0	0	484	0	0	1	0	26	0	0	23	0	0	0	17	0	0	13	0	0	16	3
r2_53	0	0	1	0	5726	13	3355	7952	73	0	3	30886	0	0	0	0	2179	0	0	13	0	0	0	1231	0	0	1	0	0	131	3
r2_54	0	0	0	0	9395	39	2442	12887	86	0	1	39292	0	0	1	0	3891	0	0	15	0	0	0	1818	0	0	4	0	0	89	3
r2_55	0	1	2	1	8365	129	4074	15828	179	0	10	47608	0	0	0	0	4898	1	1	35	0	0	0	4216	0	0	15	0	0	124	5
r2_56	0	0	7	0	22005	13	1526	89	1	0	0	52850	0	0	0	0	11923	0	0	21	0	0	0	428	0	0	5	0	0	207	4
r2_57	0	1	3	0	4894	165	629	12536	238	0	3	34195	0	0	0	0	2825	0	0	7	0	0	0	4443	0	0	5	0	0	53	0
r2_58	0	0	3	0	85	45	102	220	12	0	0	1412	0	0	1	0	65	0	0	72	0	0	0	44	0	2	33	0	0	64	26
r2_59	0	0	0	0	8403	4	723	6294	67	0	0	27225	0	0	0	0	2014	0	1	12	0	0	0	3625	1	0	1	0	0	65	0
r2_6	0	0	1	0	2469	5	272	15983	279	0	0	33498	0	0	0	0	3441	0	0	7	0	0	0	3437	0	0	2	0	0	48	1
r2_60	0	0	7	0	33868	26	3303	14604	68	0	2	119651	0	0	0	0	11864	0	0	69	0	0	0	7237	5	0	9	0	0	337	3
r2_61	0	0	2	1	4456	124	4344	28146	299	0	8	63364	0	0	0	0	4022	0	0	55	0	0	0	3148	3	0	3	0	0	121	2
r2_63	0	0	3	0	9331	46	4042	19814	287	0	1	61205	0	0	0	0	3555	0	0	31	0	0	0	4433	3	0	6	0	0	120	5
r2_64	0	1	1	0	22505	7	5355	5824	36	0	7	64835	0	0	0	0	8055	0	0	56	0	0	0	815	3	0	2	0	0	138	11
r2_65	0	0	5	0	12236	60	1866	8552	117	0	3	45410	0	0	0	0	3156	0	0	37	0	0	0	2822	2	0	15	0	0	188	5
r2_66	0	1	2	0	4458	222	567	19610	235	0	0	43943	0	0	0	0	2699	1	0	14	0	0	0	3278	0	0	4	0	0	77	0
r2_67	0	0	0	0	8725	228	1190	8090	69	0	1	35185	0	0	0	0	2657	0	0	8	0	0	0	4723	1	0	1	0	0	91	0
r2_68	0	0	3	0	7536	27	1416	8172	98	0	0	41690	0	0	0	0	2535	0	0	13	0	0	0	3295	1	0	1	0	0	71	0
r2_7	0	0	0	0	371	29	407	1123	10	0	0	3508	0	0	0	0	116	0	0	29	0	0	0	366	0	1	30	0	0	30	12
r2_8	0	0	2	0	2706	2	7824	10300	164	0	1	35922	0	0	0	0	2483	1	0	8	0	0	0	5030	0	0	6	0	0	75	1
r2_9	0	0	0	0	0	0	0	1	0	0	0	4	0	0	0	0	3	0	0	0	0	0	0	0	0	0	0	0	0	0	0
r2_B1	0	0	1	0	3369	26	1310	18744	278	0	0	55236	0	0	468	0	5639	0	0	283	0	0	0	45	1	0	19	0	0	90	6666
r2_B10	0	1	1	0	5783	5	3157	13836	5	0	1	31764	0	0	247	0	1130	0	0	5	0	0	0	10	3	0	8	0	0	45	1935
r2_B11	0	0	3	0	1564	4	5386	10121	221	0	0	19181	0	0	160	0	723	0	0	8	0	0	0	13	0	0	2	0	0	30	10
r2_B12	0	0	2	0	1781	7	3469	18587	788	0	0	45250	0	0	222	0	3215	0	0	56	0	0	0	60	2	0	3	0	0	62	18
r2_B13	0	0	3	0	1716	19	754	22845	453	0	1	44838	0	0	441	0	2334	0	0	48	0	0	0	32	7	0	21	0	0	60	3151
r2_B14	0	0	1	0	2788	22	1234	16584	546	0	0	52803	0	0	265	0	7353	0	0	50	0	0	0	126	0	0	17	0	0	103	342
r2_B15	0	0	3	0	2974	10	2714	24916	447	0	1	60363	0	0	165	0	6968	0	0	32	0	0	0	120	0	0	11	0	0	102	449
r2_B16	0	0	5	1	2126	11	708	15082	298	0	0	47345	0	0	295	0	2690	0	0	25	0	2	0	23	6	0	11	0	0	89	2841
r2_B17	0	0	1	0	522	5	6468	21414	331	0	4	31440	0	0	142	0	2186	1	1	54	0	0	0	270	0	0	10	0	0	66	681
r2_B18	0	0	0	0	1635	14	2370	18373	771	0	0	34855	0	0	186	0	2292	0	0	10	0	0	0	46	9	0	12	0	0	54	1329
r2_B19	0	0	5	1	1427	11	2208	21664	326	0	0	39426	0	0	469	0	1443	0	0	8	0	0	0	35	3	0	7	0	0	56	2733
r2_B2	0	0	3	0	2181	8	3079	24195	313	0	0	45414	0	0	745	0	2578	0	0	469	0	0	0	27	1	0	11	0	0	100	4858
r2_B20	0	0	0	0	1116	0	324	1057	29	0	0	12641	0	0	19	0	963	0	0	15	0	0	0	18	3	0	2	0	0	24	712
r2_B21	0	0	2	0	1800	10	846	3089	58	0	0	29502	0	0	32	0	1696	0	0	21	0	1	0	53	3	0	6	0	0	68	1268
r2_B22	0	0	1	0	1601	2	820	1643	44	0	0	23024	0	0	30	0	1306	0	0	12	0	3	0	35	1	0	3	0	0	38	831
r2_B23	0	0	1	0	2352	13	1180	2216	69	0	0	28842	0	0	42	0	1695	0	0	25	0	0	0	52	0	0	11	0	0	80	1198
r2_B24	0	0	5	0	956	2	3907	20438	418	0	0	31719	0	0	384	0	943	0	0	13	0	1	0	121	1	0	0	0	0	102	3555
r2_B25	0	1	4	0	1284	5	1700	16370	732	0	0	38290	0	0	270	0	1563	0	1	10	0	0	0	36	1	0	5	0	0	75	2793
r2_B26	0	1	4	0	1952	7	853	10321	677	0	0	48574	0	0	94	0	1182	0	0	16	0	0	0	55	0	0	8	0	0	67	2811
r2_B27	0	0	5	0	1577	4	733	14666	598	0	0	44870	0	0	116	0	5700	0	0	26	0	0	0	54	1	0	8	0	0	63	2482
r2_B28	0	0	1	0	594	4	4587	11610	529	0	6	16282	0	0	180	0	1409	0	0	9	0	0	0	15	1	0	2	0	0	118	208
r2_B29	0	0	0	0	881	7	3044	11519	381	0	0	20164	0	0	141	0	2172	1	0	15	0	0	0	33	0	0	9	0	0	34	282
r2_B3	0	0	3	0	1143	4	4737	15660	137	0	2	32288	0	0	424	0	1264	0	0	10	0	0	0	16	3	0	8	0	0	77	1160
r2_B30	0	0	1	0	1345	13	3450	24469	1056	1	2	40289	0	0	350	0	4034	1	0	25	0	0	0	28	0	0	12	0	0	47	1242
r2_B31	0	0	4	1	1147	7	3732	23103	869	0	0	32308	0	0	583	0	2585	0	0	15	0	0	0	14	4	0	9	0	0	74	2556
r2_B32	0	1	1	0	4303	10	554	17599	261	0	0	24793	0	0	113	0	10715	0	0	19	0	0	0	8	2	0	12	0	0	56	4122
r2_B33	0	0	4	0	1377	4	301	15699	338	0	0	15147	0	0	232	0	3622	0	0	10	0	0	1	9	3	0	7	0	0	86	2021
r2_B34	0	0	0	0	2721	4	347	11643	108	0	0	12139	0	0	56	0	5233	0	0	11	0	0	0	4	2	0	3	0	1	44	2576
r2_B35	0	1	2	0	2757	4	1934	13269	314	0	0	31196	0	0	140	0	2725	0	0	16	0	0	0	24	0	0	3	0	0	80	1049
r2_B36	0	0	2	0	1470	4	1746	15361	207	0	0	28036	0	0	231	0	925	0	0	600	0	0	0	27	0	0	3	0	0	50	6
r2_B37	0	0	1	0	1543	3	1555	13594	204	0	0	23685	0	0	226	1	817	0	0	557	0	0	0	28	0	0	0	0	0	47	0
r2_B38	0	0	2	0	1456	12	1350	12719	125	0	1	21945	0	0	156	0	734	0	0	559	0	0	0	30	0	0	4	0	0	35	0
r2_B39	0	0	3	0	1539	9	2216	19574	235	0	0	30196	0	0	263	0	1029	0	0	737	0	1	0	39	0	0	5	0	0	39	1
r2_B4	0	0	2	0	2697	14	13336	38822	315	0	11	55507	0	0	1165	0	2640	0	0	30	0	0	0	61	0	0	9	0	0	82	3392
r2_B40	0	0	1	0	761	4	2485	20630	579	0	0	26875	0	0	541	0	624	0	0	121	0	0	0	34	0	0	3	0	0	29	1
r2_B41	0	0	1	0	792	6	2782	23632	621	0	0	32220	0	0	614	0	605	0	0	154	0	0	0	32	1	0	8	0	0	38	2
r2_B42	0	1	2	0	919	6	905	16036	560	0	0	36140	0	0	384	0	288	0	0	13	0	0	0	42	3	0	2	0	0	85	79
r2_B43	0	0	2	0	2130	6	3600	16931	242	0	0	35645	0	0	258	0	378	0	0	67	0	0	0	56	2	0	2	0	0	87	620
r2_B44	0	0	1	0	2592	13	4053	21917	243	0	0	34136	0	0	353	0	555	0	0	87	0	0	0	113	0	0	10	0	0	95	750
r2_B45	0	0	2	0	1321	12	1800	14726	420	0	0	41944	0	0	149	0	540	0	0	20	0	0	0	130	0	0	17	0	0	91	2655
r2_B46	0	0	6	0	2781	10	3211	11518	452	0	0	79640	0	0	137	0	832	0	0	26	0	0	0	172	2	0	10	0	0	136	5094
r2_B47	0	1	2	1	1059	10	3086	44361	1982	0	0	32880	0	0	2062	0	2308	0	0	15	0	0	0	40	9	0	6	0	0	101	6811
r2_B5	0	0	3	0	3133	19	17314	36849	444	0	1	64324	0	0	1079	0	2148	0	0	33	0	0	0	122	5	0	20	0	1	112	2543
r2_B6	1	1	5	0	3644	7	21679	26203	181	0	2	47119	0	0	1121	0	1522	1	0	20	0	0	0	45	2	0	6	0	0	84	4497
r2_B7	0	0	4	0	4094	7	19219	21863	132	0	0	35155	0	0	983	0	1195	0	0	16	0	1	0	65	0	0	3	0	0	71	3970
r2_B8	0	1	3	0	2416	6	14370	24388	178	0	2	38317	0	0	715	0	1136	0	0	11	0	0	0	66	0	0	9	0	0	65	993
r2_B9	1	0	3	0	4187	11	17247	24521	233	0	0	45825	0	0	914	0	1223	0	0	367	0	1	0	48	3	0	7	0	0	77	1428
r2_C1	0	0	6	0	3596	25	3575	6045	208	0	0	74976	0	0	0	0	4958	0	0	229	0	0	0	29	0	0	19	0	0	103	8
r2_C10	0	0	2	1	683	18	3799	11806	11	0	1	30598	0	0	0	0	873	0	0	70	0	0	0	280	1	0	17	0	0	41	7
r2_C11	0	0	0	1	764	3	2388	8186	6	0	1	25617	0	0	0	2	817	0	0	168	0	0	0	207	0	1	3	0	0	34	0
r2_C12	0	1	3	0	1047	24	1998	2040	44	0	0	21246	0	0	0	0	711	0	0	47	0	0	0	151	0	0	17	0	0	44	9
r2_C13	0	0	1	0	468	12	217	563	24	0	0	10356	0	0	0	0	322	0	0	30	0	0	0	22	0	0	8	0	0	16	1
r2_C14	0	0	0	0	583	14	4951	1912	62	0	0	20509	0	0	0	0	910	0	0	27	0	0	0	33	0	0	6	0	0	42	3
r2_C15	0	0	3	0	1452	11	1321	4433	124	0	0	34941	0	0	0	0	2070	0	0	27	0	0	0	15	0	1	18	0	0	48	4
r2_C16	0	0	0	0	251	3	444	1282	16	0	0	9407	0	0	0	0	679	0	0	10	0	0	0	13	0	0	4	0	0	11	3
r2_C17	0	0	3	0	936	3	2225	882	5	0	2	18724	0	0	0	0	556	0	0	15	0	0	0	19	0	0	2	0	0	17	2
r2_C18	0	0	2	0	1428	3	4722	1158	18	0	1	33835	0	0	0	0	788	0	0	2372	0	0	0	31	0	0	4	0	0	69	2
r2_C19	0	0	2	0	1892	3	1373	130	18	0	0	22075	0	0	0	0	2625	0	0	5	0	1	0	2	0	0	4	0	0	35	0
r2_C2	0	0	4	0	3829	20	2115	8995	322	0	0	52810	0	0	0	1	5523	0	0	204	0	0	0	94	0	0	18	0	0	60	8
r2_C20	0	0	4	0	5415	16	2537	1626	144	0	0	45231	0	0	0	0	8253	0	0	60	0	0	0	16	0	1	15	0	0	68	3
r2_C21	0	0	3	1	1417	26	943	2555	39	0	0	41870	0	0	3	0	1310	0	0	453	0	0	0	88	0	0	16	0	0	60	5
r2_C22	0	2	2	0	1172	9	1570	4053	119	0	1	46964	0	0	0	0	2064	0	0	133	0	0	0	200	0	0	1	0	0	40	1
r2_C23	0	0	3	0	1905	8	3267	4351	141	0	0	44228	0	0	0	0	1564	0	0	732	0	0	0	476	0	0	12	0	0	58	9
r2_C24	0	1	2	0	587	7	2029	3220	153	0	0	28500	0	0	0	0	554	0	0	187	0	0	0	190	0	0	3	0	0	41	3
r2_C25	0	0	5	0	397	79	371	974	24	0	0	9789	0	0	4	0	248	2	0	122	0	0	0	70	0	1	50	0	0	84	29
r2_C26	0	0	1	0	1794	6	646	2769	46	0	3	19743	0	0	0	0	715	0	0	188	0	0	0	135	0	0	1	0	0	24	1
r2_C27	0	0	0	0	1910	10	1679	3324	28	0	1	31603	0	0	0	0	1180	0	0	36	0	0	0	26	0	0	3	0	0	34	5
r2_C28	0	1	2	0	1693	21	1004	2923	94	0	0	44638	0	0	2	0	1540	0	0	142	0	0	0	102	0	0	17	0	0	65	3
r2_C29	0	0	2	0	1660	9	1041	998	21	0	0	36699	0	0	0	0	1814	0	0	199	0	0	0	32	1	0	6	0	0	73	0
r2_C3	0	1	2	0	3541	22	5588	13663	489	0	1	55127	0	0	1	0	4183	0	0	504	0	0	0	174	0	0	8	0	0	75	4
r2_C30	0	0	1	0	1078	4	518	4238	86	0	0	20730	0	0	0	0	415	0	0	121	0	0	0	49	0	1	3	0	0	76	1
r2_C31	0	0	2	0	1818	6	1154	1321	13	0	0	21934	0	0	0	1	661	0	0	366	0	0	0	8	0	0	7	0	0	52	3
r2_C32	0	0	3	0	2230	8	2014	2970	55	0	0	41882	0	0	0	0	1012	0	0	2456	0	0	0	32	0	0	2	0	0	107	0
r2_C33	0	0	4	0	2132	9	1807	4542	255	0	0	39204	0	0	0	0	1147	0	0	291	0	0	0	110	0	1	4	0	0	45	2
r2_C4	0	0	1	0	1014	10	2165	3552	69	0	1	16640	0	0	2	0	1392	0	0	51	0	0	0	10	0	0	3	0	0	21	1
r2_C5	0	0	2	0	1243	22	1838	3240	135	0	0	12985	0	0	1	0	797	0	0	34	0	0	0	15	0	0	4	0	0	30	8
r2_C6	0	0	1	0	898	35	4748	6621	57	0	0	30986	0	0	0	0	1843	0	0	138	0	1	0	37	0	0	34	0	0	62	8
r2_C7	0	0	4	0	2368	11	2132	11327	531	0	1	68771	0	0	0	0	4467	0	0	50	0	0	0	62	0	0	7	0	0	67	2
r2_C8	0	0	3	0	656	9	6707	15921	44	0	0	38871	0	0	0	0	844	0	0	33	0	0	0	280	0	1	3	0	0	34	3
r2_C9	0	0	3	1	962	10	6301	13061	16	0	5	40971	0	0	0	0	1228	0	0	1724	0	0	0	343	0	0	7	0	0	42	3
