sample	Acidobacteria	Actinobacteria	Armatimonadetes	Bacteroidetes	Candidatus Saccharibacteria	Chloroflexi	Crenarchaeota	Cyanobacteria/Chloroplast	Deinococcus-Thermus	Euryarchaeota	Firmicutes	Fusobacteria	Planctomycetes	Proteobacteria	Synergistetes	Tenericutes	Verrucomicrobia	Woesearchaeota
r1_1	0	7384	0	20511	0	0	0	9	0	0	104560	1	0	51	0	0	3	0
r1_10	0	3075	0	8400	0	0	0	1	0	0	24014	0	0	67	0	0	1	0
r1_11	0	14117	0	8892	0	0	3	1	0	0	51160	0	0	176	0	0	7	0
r1_12	2	4070	0	18845	0	0	0	2	0	0	44814	0	0	315	0	0	4	0
r1_13	0	3195	0	26464	0	0	0	20	0	0	55664	0	0	337	0	0	3	0
r1_14	0	3115	0	7303	0	0	1	1	0	0	55551	2	0	88	0	0	6	0
r1_15	0	4300	0	17041	0	0	3	2	0	0	51371	1	0	849	0	0	3	0
r1_16	0	4463	0	12232	0	0	0	0	0	0	44776	0	0	929	0	0	3	0
r1_17	0	4572	0	10799	0	0	3	0	0	0	57727	0	1	586	0	0	3	0
r1_18	0	5382	0	6978	0	0	0	0	0	0	48402	0	0	169	0	0	5	0
r1_19	0	4376	0	9546	0	0	1	0	0	0	47339	0	0	347	0	0	2	0
r1_2	0	8464	0	12406	0	0	2	10	0	0	81830	0	0	277	0	0	6	0
r1_20	0	12808	0	22655	0	0	1	0	0	0	91374	2	0	707	0	0	5	0
r1_21	0	19625	0	15425	0	0	2	1	0	0	79781	0	0	504	0	0	9	0
r1_22	0	11181	0	19332	0	0	0	1	1	0	73380	0	0	435	0	0	3	0
r1_23	0	8127	0	22129	0	0	1	0	0	0	77258	0	0	665	0	0	3	0
r1_24	1	7191	0	23474	0	0	0	1	0	0	59298	1	0	874	0	0	6	0
r1_25	0	4470	0	13620	0	0	3	0	0	0	39824	0	0	1336	0	0	2	0
r1_26	0	4493	0	10732	0	0	1	0	0	1	40848	0	0	1470	0	0	4	0
r1_27	0	6435	0	10256	0	0	1	1	0	0	33983	0	0	1115	0	0	7	0
r1_28	0	5000	0	9530	0	0	1	0	0	0	31102	0	0	194	0	0	2	0
r1_29	0	6443	0	6233	0	0	11	0	0	0	37496	0	0	792	0	0	47	1
r1_3	0	4759	0	20522	0	0	1	5	0	0	67401	0	0	275	0	0	6	0
r1_30	0	7029	0	6123	0	0	1	6	0	0	47862	0	0	67	0	0	4	0
r1_31	0	9448	0	16772	0	0	3	1	0	0	48726	0	0	229	0	0	4	0
r1_32	0	6463	0	6915	0	0	1	0	0	0	53652	0	0	156	0	0	7	0
r1_33	0	7560	0	10127	0	0	3	1	0	0	71895	0	0	305	0	0	7	0
r1_34	0	9968	0	12582	0	0	2	8	0	0	100346	3	0	836	0	0	15	0
r1_35	1	7184	0	15217	0	0	4	1	0	0	100727	0	0	2342	0	0	20	0
r1_36	0	9462	0	22091	1	0	3	2	0	0	107508	0	0	2325	0	0	14	0
r1_37	0	206	0	1632	0	0	3	0	0	0	3842	0	0	780	0	0	55	0
r1_38	0	10631	0	4055	0	0	0	1	0	0	58647	0	0	58	0	0	5	0
r1_39	0	12494	0	5984	0	0	1	1	0	0	59607	0	0	66	0	0	2	0
r1_4	0	4562	0	19841	0	0	0	1	0	0	45899	0	0	14995	0	0	4	0
r1_40	0	10274	0	5091	0	0	1	1	0	0	47404	0	0	142	0	0	5	0
r1_41	0	5685	0	10694	0	0	0	0	0	0	41114	0	0	100	0	0	2	0
r1_42	0	14735	0	26576	0	0	1	8	0	0	109218	0	1	264	0	0	6	0
r1_43	0	11035	0	1350	0	0	0	1	0	0	38244	0	0	103	0	0	5	0
r1_44	1	8497	0	2557	0	0	11	0	0	0	30796	0	0	535	0	0	51	1
r1_45	1	118	0	1738	0	0	10	0	0	0	2106	0	1	433	0	0	27	0
r1_46	0	6266	0	1295	0	0	2	1	0	0	25262	0	0	599	0	0	39	0
r1_47	0	11560	0	16541	0	0	1	3	0	0	77282	0	0	814	0	0	3	0
r1_48	1	11646	0	13129	0	0	1	1	0	0	90714	0	0	747	0	0	10	0
r1_49	0	18058	0	5408	0	0	1	0	0	0	118575	0	0	156	0	0	2	0
r1_5	0	2751	0	15357	0	0	0	0	0	0	40134	0	0	981	0	0	3	0
r1_50	0	7561	0	13480	1	0	1	0	0	0	61753	0	0	142	0	0	2	0
r1_51	0	13575	0	11708	0	0	3	0	0	0	92715	1	0	299	0	0	7	0
r1_52	0	99	0	445	0	0	1	0	0	0	1343	0	0	237	0	0	19	0
r1_53	0	6062	0	8744	0	0	0	3	0	0	40621	0	0	146	0	0	3	0
r1_54	0	9556	0	13574	0	0	0	1	0	0	48604	0	0	178	0	0	4	0
r1_55	0	8584	0	16846	0	0	5	9	0	0	62931	1	0	571	0	0	12	0
r1_56	0	22619	0	405	0	0	0	0	0	0	69096	0	0	146	0	0	14	0
r1_57	0	4977	0	13302	0	0	1	3	0	0	43072	0	0	498	0	0	0	0
r1_58	1	190	0	1444	0	0	2	0	0	0	3321	0	0	622	0	0	53	0
r1_59	0	8553	0	6745	0	0	0	0	0	0	34360	1	0	130	0	0	2	0
r1_6	0	2523	0	16642	0	0	0	0	0	0	41846	0	0	331	0	0	3	0
r1_60	0	34598	0	15664	0	0	1	2	0	0	147281	0	0	465	0	0	14	0
r1_61	0	4603	0	29875	0	0	0	8	0	0	77888	0	0	602	0	0	6	0
r1_63	0	9630	0	21262	0	0	2	1	0	0	75255	0	0	503	0	0	10	0
r1_64	1	22877	0	6149	0	0	3	7	0	0	80433	0	0	141	0	0	14	0
r1_65	0	12691	0	9571	0	0	2	3	0	0	56203	0	0	558	0	0	25	0
r1_66	0	4546	0	20512	0	0	2	0	0	0	51736	0	0	600	0	0	2	0
r1_67	0	8916	0	8613	0	0	1	1	0	0	44724	0	0	382	0	0	4	0
r1_68	0	7676	0	8698	0	0	0	0	0	0	49853	0	0	169	0	0	1	0
r1_7	0	432	0	1846	0	0	2	0	0	0	5732	0	1	433	0	0	38	0
r1_8	0	2781	0	10870	0	0	2	1	0	0	52996	0	0	215	0	0	2	0
r1_9	0	0	0	1	0	0	0	0	0	0	7	0	0	1	0	0	0	0
r1_B1	1	3508	0	20133	0	0	2	0	0	0	64960	0	0	1508	0	0	6743	0
r1_B10	0	5893	0	14897	0	0	1	1	0	0	36896	0	1	363	0	0	1943	0
r1_B11	0	1595	0	10841	0	0	0	0	0	0	26123	0	0	475	0	0	12	0
r1_B12	0	1835	0	19384	0	0	1	0	0	0	53150	0	0	1127	0	0	20	0
r1_B13	1	1845	0	24490	0	0	3	1	0	0	49539	0	0	1292	0	0	3184	0
r1_B14	1	2955	0	17748	0	0	7	0	0	0	63849	0	2	1240	0	0	369	0
r1_B15	2	3146	0	26244	0	0	4	1	0	0	72774	0	0	943	0	0	470	0
r1_B16	0	2228	0	16084	0	0	3	0	0	2	52718	0	0	805	0	0	2900	0
r1_B17	1	566	0	22926	0	0	1	4	0	0	42168	1	0	656	0	0	696	0
r1_B18	0	1701	0	19562	0	0	2	0	0	0	41033	0	0	1099	0	0	1353	0
r1_B19	1	1501	0	22625	0	0	1	0	0	0	44403	0	0	928	0	0	2769	0
r1_B2	0	2294	0	25940	0	0	1	0	0	0	54502	0	0	1708	0	0	5043	0
r1_B20	0	1169	0	1167	0	0	1	0	0	0	14433	0	0	123	0	0	725	0
r1_B21	0	1905	0	3431	0	0	3	0	0	2	33975	0	0	245	0	0	1325	0
r1_B22	0	1675	0	1809	0	0	0	0	0	3	25975	0	1	141	0	0	832	0
r1_B23	0	2519	0	2645	0	0	2	0	0	0	33776	0	0	288	0	0	1246	0
r1_B24	0	1038	0	22338	0	0	1	0	0	1	39441	0	0	919	0	0	3778	0
r1_B25	0	1344	0	17359	0	0	0	0	0	1	43444	1	0	1120	0	0	2866	0
r1_B26	1	2041	0	11132	0	0	1	0	0	0	52390	0	0	871	0	0	2844	0
r1_B27	0	1630	0	15423	0	0	0	0	0	0	52844	0	0	829	0	0	2516	0
r1_B28	0	673	1	13710	0	0	0	9	0	0	25912	0	0	834	0	0	234	0
r1_B29	0	940	0	12292	0	0	1	0	0	1	26514	0	0	661	0	0	290	0
r1_B3	1	1219	0	16809	0	0	0	2	0	0	40044	0	0	638	0	0	1195	0
r1_B30	0	1410	0	25679	0	1	1	2	0	0	49477	0	1	1696	0	0	1263	0
r1_B31	0	1204	0	24667	0	0	2	0	0	0	40549	0	0	1621	0	0	2636	0
r1_B32	1	4445	0	18587	0	0	4	0	0	0	37299	0	0	581	0	0	4168	0
r1_B33	0	1488	0	17147	0	0	2	0	0	0	20963	0	0	719	0	1	2165	0
r1_B34	0	2808	0	12256	0	0	2	0	0	0	18341	0	0	216	1	0	2618	0
r1_B35	3	2891	0	14374	0	0	3	0	0	0	37646	0	0	543	0	0	1099	0
r1_B36	0	1525	0	16042	0	0	1	0	0	0	31839	0	0	1162	0	0	12	0
r1_B37	0	1586	0	14189	0	0	0	0	0	0	26905	0	0	1037	0	0	5	0
r1_B38	0	1514	0	13342	0	0	0	1	0	0	25190	0	0	939	0	0	2	0
r1_B39	0	1615	0	20604	0	0	1	0	0	0	34853	0	0	1342	0	0	7	0
r1_B4	0	2782	0	40905	0	0	1	11	0	0	73272	0	0	1664	0	0	3397	0
r1_B40	0	790	0	21466	0	0	0	0	0	0	30824	0	0	1320	0	0	3	0
r1_B41	0	843	0	24891	0	0	1	0	0	0	37142	0	0	1517	0	0	7	0
r1_B42	0	994	0	17145	0	0	1	0	0	0	39725	0	0	1077	0	0	88	0
r1_B43	0	2265	0	17904	0	0	0	1	0	0	41787	0	0	653	0	0	637	0
r1_B44	1	2744	0	23159	0	0	2	0	0	0	41055	0	0	866	0	0	812	0
r1_B45	0	1416	0	15900	0	0	2	0	0	0	46969	0	0	738	0	0	2743	0
r1_B46	0	2962	0	12346	0	0	1	0	0	0	87300	0	0	856	0	0	5219	0
r1_B47	1	1120	0	46784	0	0	1	0	0	0	40623	0	0	4274	0	0	6969	0
r1_B5	0	3246	0	39459	0	0	3	1	0	0	86943	0	0	1848	1	0	2597	0
r1_B6	1	3713	0	27834	0	0	1	2	0	0	71835	0	0	1429	0	0	4505	0
r1_B7	0	4189	0	23386	0	0	1	0	0	1	57035	0	0	1218	0	0	3979	0
r1_B8	0	2490	0	25837	0	0	2	2	0	0	55421	0	0	998	0	0	1007	0
r1_B9	0	4296	0	26546	0	0	1	0	0	1	66546	0	0	1701	0	0	1455	0
r1_C1	0	3718	0	6701	0	0	11	0	0	0	86837	0	1	812	0	0	28	0
r1_C10	0	726	0	12351	0	0	2	1	0	0	36871	0	0	379	0	0	16	0
r1_C11	0	793	0	8536	0	0	0	1	0	0	30306	0	0	256	0	0	7	0
r1_C12	1	1113	0	2491	0	0	1	0	0	0	25567	0	0	480	0	0	20	0
r1_C13	0	499	0	837	0	0	4	0	0	0	11713	0	0	192	0	0	11	0
r1_C14	0	615	0	2394	0	0	1	0	0	0	27797	0	0	232	0	0	14	0
r1_C15	0	1503	0	4812	0	0	3	0	0	1	39798	0	0	310	0	0	8	0
r1_C16	0	258	0	1382	0	0	2	0	0	1	10907	0	1	52	0	0	3	0
r1_C17	0	966	0	927	0	0	2	2	0	0	21955	0	0	42	0	0	2	0
r1_C18	0	1490	0	1293	0	0	1	1	0	0	41167	0	0	2523	0	0	2	0
r1_C19	0	1947	0	210	0	0	2	0	0	0	26773	0	0	76	0	0	5	0
r1_C2	1	3937	0	9767	0	0	5	0	0	0	62640	0	0	790	0	0	29	1
r1_C20	0	5551	0	1851	0	0	2	0	0	0	57930	0	0	308	0	0	7	0
r1_C21	1	1499	0	3462	0	0	2	0	0	0	46137	0	0	800	0	0	29	0
r1_C22	0	1218	0	4324	0	0	2	1	0	0	52342	0	0	389	0	0	5	0
r1_C23	0	1971	0	4688	0	0	2	0	0	0	51089	0	0	1037	0	0	14	0
r1_C24	0	613	0	3382	0	0	1	0	0	0	32108	0	0	414	0	0	7	0
r1_C25	1	528	0	3068	0	0	11	0	0	0	13425	0	0	1109	0	0	62	0
r1_C26	0	1836	0	2919	0	0	0	3	0	0	22033	0	0	265	0	0	2	0
r1_C27	0	1940	0	3517	0	0	2	1	0	0	35385	0	0	200	0	0	10	0
r1_C28	0	1748	0	3370	0	0	2	0	0	0	48844	0	0	586	0	0	15	0
r1_C29	0	1742	0	1215	0	0	2	0	0	0	41297	0	0	330	0	0	5	0
r1_C3	1	3616	0	14088	0	0	2	1	0	0	66671	0	0	1155	0	0	13	0
r1_C30	1	1209	0	4912	0	0	0	0	0	0	24311	0	0	282	0	0	2	0
r1_C31	0	1874	0	1464	0	0	0	0	0	0	24539	0	0	476	0	0	10	0
r1_C32	0	2388	0	3264	0	0	4	0	0	0	47843	0	0	2746	0	0	6	0
r1_C33	0	2183	0	4750	0	0	2	0	0	0	43213	0	0	658	0	0	12	1
r1_C4	0	1049	0	3679	0	0	1	1	0	0	20749	0	0	183	0	0	5	0
r1_C5	1	1326	0	3669	0	0	1	0	0	0	17087	0	0	334	0	0	14	0
r1_C6	0	1002	0	7686	0	0	6	0	0	1	40100	0	0	831	0	0	43	0
r1_C7	0	2423	0	11776	0	0	0	1	0	0	77375	0	0	878	0	0	13	0
r1_C8	1	684	0	16412	0	0	0	0	0	0	48122	0	0	217	0	0	15	0
r1_C9	0	996	0	13502	0	0	1	5	0	0	50373	0	0	1940	0	0	15	0
r2_1	9	7236	0	19940	0	0	146	9	0	0	102747	1	0	51	0	0	3	0
r2_10	3	3041	0	8245	0	0	31	1	0	0	23744	0	0	69	0	0	1	0
r2_11	8	13910	0	8553	0	0	104	1	0	0	50381	0	0	108	0	0	5	0
r2_12	5	4007	0	18364	0	0	42	2	0	0	44114	0	0	286	0	0	1	0
r2_13	4	3134	0	25873	0	0	67	19	0	0	54989	0	0	306	0	0	0	0
r2_14	5	2968	0	6959	0	0	102	1	0	0	53290	2	0	70	0	0	1	0
r2_15	4	4198	0	16402	0	0	89	2	0	0	50122	1	0	774	0	0	1	0
r2_16	5	3909	0	10504	0	0	255	0	0	0	39049	0	0	766	0	0	1	0
r2_17	5	4459	0	10459	0	0	64	0	0	0	56890	0	0	506	0	0	2	0
r2_18	3	5308	0	6730	0	0	70	0	0	0	47752	0	0	134	0	0	2	0
r2_19	2	4312	0	9211	0	0	60	0	0	0	46698	0	0	322	0	0	1	0
r2_2	7	8296	0	12023	0	0	107	9	0	1	80491	0	0	236	0	0	5	0
r2_20	9	12574	0	22016	0	0	119	0	0	0	90105	2	0	625	0	0	1	0
r2_21	5	19367	0	14889	0	0	128	1	0	0	78631	0	0	437	0	0	3	0
r2_22	10	10828	0	18448	0	0	114	1	1	0	71621	0	0	372	0	0	1	0
r2_23	8	7843	0	21063	0	0	123	0	0	0	75098	0	0	582	0	0	2	0
r2_24	6	6899	0	22212	0	0	144	0	0	0	56970	1	0	809	0	0	4	0
r2_25	10	4339	0	12762	0	0	66	0	0	0	38373	0	0	1188	0	0	2	0
r2_26	5	4408	0	10380	0	0	52	0	0	0	40191	0	0	1378	0	0	0	0
r2_27	6	6331	0	9926	0	0	50	1	0	0	33429	0	0	1019	0	0	2	0
r2_28	6	4910	0	9204	0	0	43	0	0	2	30683	0	0	133	0	0	1	0
r2_29	10	6029	0	5246	0	0	147	0	0	1	34492	0	0	369	0	0	15	0
r2_3	9	4679	0	20049	0	0	68	5	0	0	66496	0	0	245	0	0	5	0
r2_30	5	6921	0	5877	0	0	50	6	0	0	47092	0	0	33	0	0	0	0
r2_31	4	9315	0	16107	0	0	74	1	0	0	47865	0	0	197	0	0	0	0
r2_32	3	6321	0	6480	0	0	73	0	0	0	52747	0	0	127	0	0	0	0
r2_33	3	7358	0	9697	0	0	93	1	0	1	70216	0	0	254	0	0	7	0
r2_34	12	9323	0	11441	0	0	126	7	0	1	97443	3	0	542	0	0	3	0
r2_35	8	6906	0	14098	0	0	158	1	0	1	97368	0	0	1983	0	0	8	0
r2_36	7	9314	0	21221	1	0	122	2	0	0	106032	0	0	2118	0	0	5	0
r2_37	5	80	0	572	0	0	42	0	0	3	2236	0	0	320	0	0	20	1
r2_38	6	10272	0	3709	0	0	168	1	0	0	56856	0	0	49	0	0	5	0
r2_39	3	12194	0	5604	0	0	121	1	0	0	58408	0	0	66	0	0	3	0
r2_4	6	4475	0	19183	0	0	83	1	0	1	45074	0	0	14786	0	0	0	0
r2_40	4	10107	0	4845	0	0	64	1	0	0	46615	0	0	114	0	0	3	0
r2_41	3	5459	0	10111	0	0	97	0	0	0	39550	0	0	82	0	0	3	0
r2_42	13	14467	0	25480	0	0	139	7	0	0	107534	0	2	227	0	0	3	0
r2_43	6	10885	0	1228	0	0	58	0	0	0	37771	0	0	50	0	0	1	0
r2_44	8	8151	0	1879	0	0	132	0	0	0	28953	0	0	278	0	0	16	0
r2_45	4	40	0	332	0	0	31	0	0	1	1347	0	0	195	0	0	9	0
r2_46	10	6011	0	863	0	0	95	1	0	2	23534	0	1	253	0	0	16	0
r2_47	10	11308	0	15851	0	0	135	3	0	0	75773	0	0	760	0	0	4	0
r2_48	11	11489	0	12554	0	0	136	1	0	0	89580	0	0	681	0	0	2	0
r2_49	14	17735	0	5068	0	0	157	0	0	1	117224	0	0	128	0	0	1	0
r2_5	4	2662	0	14716	0	0	57	0	0	0	38753	0	0	927	0	0	1	0
r2_50	6	7239	0	12738	1	0	165	0	0	0	59116	0	0	99	0	0	0	0
r2_51	14	13193	0	11061	0	0	162	0	0	0	90674	1	0	192	0	0	5	0
r2_52	1	59	0	174	0	0	16	0	0	1	864	0	0	108	0	0	4	0
r2_53	1	5729	0	8095	0	0	131	3	0	0	38151	0	0	114	0	0	3	0
r2_54	4	9396	0	13163	0	0	89	1	0	0	47865	0	0	163	0	0	3	0
r2_55	10	8367	0	16208	0	0	124	10	0	2	61514	1	0	414	0	0	5	0
r2_56	18	22008	0	182	0	0	207	0	0	0	67367	0	0	78	0	0	4	0
r2_57	6	4895	0	12858	0	0	53	3	0	0	42415	0	0	461	0	0	0	0
r2_58	8	86	0	524	0	0	64	0	0	0	2571	0	2	304	0	0	26	0
r2_59	5	8404	0	6488	0	0	65	0	0	0	33728	1	0	97	0	0	1	0
r2_6	6	2470	0	16178	0	0	48	0	0	0	40980	0	0	304	0	0	1	0
r2_60	13	33875	0	15012	0	0	337	2	0	0	144229	0	0	208	0	0	8	0
r2_61	11	4456	0	28681	0	0	121	8	0	0	75584	0	0	544	0	0	6	0
r2_63	11	9335	0	20329	0	0	120	1	0	0	73645	0	0	408	0	0	8	0
r2_64	5	22509	0	5971	0	0	138	7	0	0	79368	0	0	116	0	0	14	0
r2_65	11	12236	0	8872	0	0	188	3	0	1	53860	0	0	303	0	0	7	0
r2_66	7	4458	0	19939	0	0	77	0	0	0	50749	0	0	547	0	0	1	0
r2_67	0	8727	0	8306	0	0	91	1	0	0	43954	0	0	344	0	0	1	0
r2_68	5	7536	0	8413	0	0	71	0	0	0	49148	0	0	153	0	0	1	0
r2_7	5	371	0	1357	0	0	30	0	0	0	4880	0	1	159	0	0	12	0
r2_8	3	2706	0	10456	0	0	75	1	0	0	51786	0	0	190	0	0	1	0
r2_9	0	0	0	1	0	0	0	0	0	0	7	0	0	0	0	0	0	0
r2_B1	7	3374	0	19147	0	0	90	0	0	0	63248	0	0	1150	0	0	6669	0
r2_B10	3	5785	0	14330	0	0	45	1	0	0	36300	0	0	302	0	0	1939	0
r2_B11	4	1564	0	10364	0	0	30	0	0	0	25475	0	0	420	0	0	10	0
r2_B12	5	1783	0	18861	0	0	62	0	0	0	52229	0	0	1097	0	0	20	0
r2_B13	9	1719	0	23412	0	0	60	1	0	0	48464	0	0	1034	0	0	3158	0
r2_B14	10	2792	0	16939	0	0	103	0	0	1	62451	0	0	969	0	0	343	0
r2_B15	12	2980	0	25310	0	0	102	1	0	1	70958	0	0	717	0	0	450	0
r2_B16	10	2134	0	15456	0	0	89	0	0	2	51247	0	0	687	0	0	2848	0
r2_B17	7	522	0	21812	0	0	66	4	0	0	40650	1	0	571	0	0	681	0
r2_B18	1	1636	0	18687	0	0	54	0	0	0	40059	0	0	1019	0	0	1338	0
r2_B19	8	1429	0	22005	0	0	56	0	0	1	43502	0	0	850	0	0	2736	0
r2_B2	10	2186	0	24664	0	0	100	0	0	0	52044	0	0	1582	0	0	4861	0
r2_B20	3	1119	0	1094	0	0	24	0	0	0	14067	0	0	80	0	0	715	0
r2_B21	2	1806	0	3153	0	0	68	0	0	1	32448	0	0	180	0	0	1271	0
r2_B22	6	1608	0	1690	0	0	38	0	0	3	25393	0	0	115	0	0	832	0
r2_B23	4	2357	0	2316	0	0	80	0	0	0	32127	0	0	196	0	0	1199	0
r2_B24	9	956	0	20906	0	0	102	0	0	1	37152	0	0	860	0	0	3560	0
r2_B25	6	1285	0	16685	0	0	75	0	0	1	42014	1	0	1050	0	0	2794	0
r2_B26	10	1956	0	10566	0	0	67	0	0	0	51252	0	0	815	0	0	2812	0
r2_B27	9	1578	0	14929	0	0	63	0	0	0	51730	0	0	774	0	0	2484	0
r2_B28	5	594	0	11852	0	0	118	6	0	0	22539	0	0	743	0	0	209	1
r2_B29	3	883	0	11798	0	0	34	0	0	0	25788	0	0	587	0	0	282	0
r2_B3	6	1144	0	16008	0	0	77	2	0	0	38596	0	0	597	0	0	1163	0
r2_B30	3	1351	0	24882	0	1	47	2	0	0	48383	0	0	1494	0	0	1243	0
r2_B31	8	1147	0	23550	0	0	74	0	0	0	39149	0	0	1528	0	0	2561	0
r2_B32	5	4303	0	17943	0	0	56	0	0	0	36504	0	0	436	0	0	4124	0
r2_B33	6	1377	0	15973	0	0	86	0	0	0	19280	0	0	607	0	1	2024	0
r2_B34	3	2721	0	11818	0	0	44	0	0	0	17907	0	0	192	1	0	2578	0
r2_B35	8	2757	0	13533	0	0	80	0	0	0	36059	0	0	488	0	0	1049	0
r2_B36	4	1470	0	15550	0	0	50	0	0	0	31041	0	0	1057	0	0	6	0
r2_B37	3	1543	0	13736	0	0	47	0	0	0	26303	0	0	1002	0	0	0	0
r2_B38	2	1456	0	12839	0	0	35	1	0	0	24358	0	0	869	0	0	0	0
r2_B39	6	1539	0	19848	0	0	39	0	0	1	33808	0	0	1269	0	0	1	0
r2_B4	8	2700	0	39593	0	0	82	11	0	1	72098	0	0	1585	0	0	3393	0
r2_B40	1	761	0	20936	0	0	29	0	0	0	30292	0	0	1265	0	0	1	0
r2_B41	5	794	0	23940	0	0	38	0	0	0	35952	0	0	1432	0	0	3	0
r2_B42	5	919	0	16219	0	0	85	0	0	0	37700	0	0	995	0	0	82	0
r2_B43	7	2133	0	17095	0	0	87	0	0	0	39952	0	0	625	0	0	623	0
r2_B44	4	2597	0	22156	0	0	95	0	0	1	39150	0	0	772	0	0	750	0
r2_B45	5	1323	0	14991	0	0	91	0	0	1	45027	0	0	664	0	0	2656	0
r2_B46	9	2798	0	11738	0	0	136	0	0	0	84686	0	0	693	0	0	5096	0
r2_B47	8	1069	0	45135	0	0	101	0	0	0	39141	0	0	4114	0	0	6824	0
r2_B5	12	3135	0	37714	0	0	112	1	0	0	84547	0	0	1634	1	0	2549	0
r2_B6	10	3646	0	26918	0	0	84	2	0	0	70784	0	0	1369	0	0	4500	0
r2_B7	8	4097	0	22481	0	0	71	0	0	1	56049	0	0	1169	0	0	3971	0
r2_B8	5	2416	0	24972	0	0	65	2	0	0	54235	0	0	930	0	0	994	0
r2_B9	9	4188	0	25311	0	0	77	0	0	1	64811	0	0	1569	0	0	1431	0
r2_C1	19	3597	0	6214	0	0	103	0	0	1	84175	0	0	532	0	0	8	0
r2_C10	8	684	0	11966	0	0	41	1	0	1	35966	0	0	170	0	0	8	0
r2_C11	1	764	0	8250	0	0	34	1	0	0	29249	0	1	207	0	0	1	0
r2_C12	9	1047	0	2189	0	0	44	0	0	1	24503	0	0	190	0	0	9	0
r2_C13	2	468	0	667	0	0	16	0	0	0	11180	0	0	114	0	0	1	0
r2_C14	0	583	0	1986	0	0	42	0	0	0	26648	0	0	136	0	0	3	0
r2_C15	4	1453	0	4524	0	0	48	0	0	0	38642	0	1	214	0	0	4	0
r2_C16	1	251	0	1305	0	0	11	0	0	0	10619	0	0	40	0	0	3	0
r2_C17	6	936	0	898	0	0	17	2	0	0	21625	0	0	31	0	0	2	0
r2_C18	5	1428	0	1186	0	0	69	1	0	0	39543	0	0	2415	0	0	2	0
r2_C19	2	1892	0	162	0	0	35	0	0	1	26238	0	0	39	0	0	0	0
r2_C2	6	3832	0	9131	0	0	60	0	0	2	61034	0	0	614	0	0	8	0
r2_C20	9	5415	0	1717	0	0	68	0	0	1	56451	0	1	248	0	0	3	0
r2_C21	14	1417	0	2729	0	0	60	0	0	0	44742	0	0	624	0	0	6	0
r2_C22	11	1173	0	4121	0	0	40	1	0	0	51085	0	0	298	0	0	1	0
r2_C23	7	1905	0	4440	0	0	58	0	0	0	49827	0	0	927	0	0	9	0
r2_C24	5	587	0	3266	0	0	41	0	0	0	31455	0	0	365	0	0	3	0
r2_C25	16	398	0	1454	0	0	84	0	0	2	11761	0	1	479	0	0	29	0
r2_C26	3	1794	0	2801	0	0	24	3	0	0	21341	0	0	249	0	0	1	0
r2_C27	6	1910	0	3383	0	0	34	1	0	1	34702	0	0	106	0	0	5	0
r2_C28	7	1693	0	3064	0	0	65	0	0	0	47701	0	0	294	0	0	3	0
r2_C29	7	1661	0	1049	0	0	73	0	0	0	39852	0	0	252	0	0	1	0
r2_C3	8	3541	0	13766	0	0	75	1	0	2	65452	0	0	1050	0	0	4	0
r2_C30	3	1078	0	4282	0	0	76	0	0	0	21880	0	1	230	0	0	1	0
r2_C31	4	1818	0	1382	0	0	52	0	0	0	23922	0	0	406	0	0	3	0
r2_C32	7	2230	0	3008	0	0	107	0	0	0	45146	0	0	2543	0	0	0	0
r2_C33	7	2132	0	4605	0	0	45	0	0	0	42494	0	1	588	0	0	2	0
r2_C4	4	1015	0	3605	0	0	21	1	0	0	20341	0	0	154	0	0	1	0
r2_C5	2	1243	0	3336	0	0	30	0	0	0	15908	0	0	249	0	0	8	0
r2_C6	7	899	0	6922	0	0	62	0	0	1	38385	0	0	377	0	0	8	0
r2_C7	8	2368	0	11432	0	0	67	1	0	1	75806	0	0	628	0	0	2	0
r2_C8	4	656	0	16018	0	0	34	0	0	0	46994	0	1	119	0	0	3	0
r2_C9	13	962	0	13190	0	0	42	5	0	0	49343	0	0	1803	0	0	3	0
